20
0 86 49 89 34 34 22 61 69 76 33 88 44 48 53 53 81 69 31 83 
1 0 74 34 5 4 33 75 58 38 19 65 10 56 66 50 89 99 71 2 
20 98 0 34 7 93 33 11 45 65 80 28 48 80 1 33 36 4 65 63 
14 55 81 0 78 64 88 43 13 28 94 35 29 13 85 14 71 77 99 33 
74 63 12 1 0 62 43 1 95 79 56 11 41 69 65 73 99 80 60 93 
44 87 86 79 68 0 50 63 33 72 91 31 5 64 46 68 64 7 63 16 
53 41 72 16 33 92 0 80 5 90 12 16 83 55 54 20 85 21 22 99 
54 45 90 36 1 5 81 0 69 69 40 83 36 92 23 59 59 7 51 91 
11 92 2 78 26 56 31 98 0 41 4 71 39 9 15 80 44 68 85 77 
88 5 68 70 40 11 92 99 70 0 98 1 60 60 92 61 89 18 68 19 
67 60 74 37 51 82 51 30 78 18 0 14 6 5 70 73 26 10 83 17 
60 52 66 60 63 77 51 23 65 20 43 0 36 86 2 61 74 52 43 25 
34 72 94 99 29 51 69 1 76 30 35 45 0 89 87 62 48 49 91 50 
24 7 70 18 42 7 19 55 81 23 49 57 8 0 20 2 6 48 4 26 
100 32 55 34 28 43 72 89 42 73 79 92 96 86 0 13 65 79 71 83 
33 3 57 81 59 64 52 13 22 51 16 99 50 99 54 0 36 26 48 7 
15 90 79 45 33 26 82 45 42 13 15 25 45 70 33 78 0 80 49 81 
92 22 32 60 20 33 58 73 20 84 73 27 50 62 57 46 94 0 35 28 
90 76 40 56 52 36 25 37 65 5 85 46 48 6 29 7 77 61 0 17 
2 81 52 74 59 1 87 67 98 80 53 77 21 29 16 76 32 4 53 0 
