70
0 86 49 89 34 34 22 61 69 76 33 88 44 48 53 53 81 69 31 83 1 74 34 5 4 33 75 58 38 19 65 10 56 66 50 89 99 71 2 20 98 34 7 93 33 11 45 65 80 28 48 80 1 33 36 4 65 63 14 55 81 78 64 88 43 13 28 94 35 29 
13 0 85 14 71 77 99 33 74 63 12 1 62 43 1 95 79 56 11 41 69 65 73 99 80 60 93 44 87 86 79 68 50 63 33 72 91 31 5 64 46 68 64 7 63 16 53 41 72 16 33 92 80 5 90 12 16 83 55 54 20 85 21 22 99 54 45 90 36 1 
5 81 0 69 69 40 83 36 92 23 59 59 7 51 91 11 92 2 78 26 56 31 98 41 4 71 39 9 15 80 44 68 85 77 88 5 68 70 40 11 92 99 70 98 1 60 60 92 61 89 18 68 19 67 60 74 37 51 82 51 30 78 18 14 6 5 70 73 26 10 
83 17 60 0 52 66 60 63 77 51 23 65 20 43 36 86 2 61 74 52 43 25 34 72 94 99 29 51 69 1 76 30 35 45 89 87 62 48 49 91 50 24 7 70 18 42 7 19 55 81 23 49 57 8 20 2 6 48 4 26 100 32 55 34 28 43 72 89 42 73 
79 92 96 86 0 13 65 79 71 83 33 3 57 81 59 64 52 13 22 51 16 99 50 99 54 36 26 48 7 15 90 79 45 33 26 82 45 42 13 15 25 45 70 33 78 80 49 81 92 22 32 60 20 33 58 73 20 84 73 27 50 62 57 46 94 35 28 90 76 40 
56 52 36 25 37 0 65 5 85 46 48 6 29 7 77 61 17 2 81 52 74 59 1 87 67 98 80 53 77 21 29 16 76 32 4 53 68 68 57 4 65 4 61 93 63 38 6 79 39 38 30 12 48 82 98 14 31 29 67 8 1 47 23 76 78 78 80 98 46 36 
1 62 92 14 55 6 0 51 12 84 41 49 65 4 96 98 1 61 28 81 79 35 81 25 10 8 55 87 40 52 84 75 4 46 18 17 100 23 19 63 58 59 11 22 62 58 19 14 70 47 46 49 81 26 73 90 86 79 29 25 30 12 51 86 57 21 54 8 95 73 
70 53 31 32 26 45 41 0 45 58 11 43 56 59 75 33 83 17 18 62 45 94 43 8 97 28 65 17 82 24 63 6 94 15 88 77 41 32 18 37 42 28 31 97 38 5 29 20 73 99 81 69 44 76 77 40 55 41 8 88 64 71 93 9 37 81 86 29 64 3 
65 57 82 95 5 19 52 86 0 90 76 84 71 45 79 98 21 19 52 61 78 92 76 100 84 85 37 16 22 65 32 76 82 88 57 28 93 27 79 78 16 55 13 38 51 43 35 71 13 39 83 91 30 58 90 65 94 78 81 15 43 64 90 24 51 98 51 95 24 82 
24 40 88 88 77 38 31 64 8 0 43 2 90 85 31 99 75 95 93 52 27 59 46 90 1 21 93 98 72 39 74 5 63 13 92 50 41 29 32 4 88 75 57 29 59 39 27 85 34 19 89 12 78 86 54 78 7 46 27 78 84 100 34 98 64 25 100 5 5 31 
60 92 57 17 72 68 55 98 4 40 0 69 92 4 46 78 57 75 36 54 53 65 89 53 98 87 16 22 86 72 78 68 32 21 77 100 92 44 54 89 47 46 57 91 49 54 20 57 80 55 10 33 19 98 37 16 36 52 89 73 76 66 93 7 86 69 6 77 12 11 
17 10 56 74 100 56 79 19 12 59 25 0 21 91 95 71 27 10 58 30 50 83 5 15 75 63 52 43 20 80 6 31 97 15 38 70 67 94 48 37 5 58 62 78 48 56 100 26 18 9 8 67 91 64 34 65 27 85 59 46 65 64 28 61 31 66 82 97 59 81 
33 63 39 46 92 38 2 91 64 71 100 23 0 37 42 86 70 7 12 7 17 10 71 81 37 83 63 2 64 59 60 44 43 75 34 89 66 72 42 9 35 12 60 9 100 1 94 22 7 58 28 76 67 50 56 55 32 70 57 47 28 68 42 22 42 76 10 60 47 51 
68 33 14 27 41 66 27 86 87 86 43 66 61 0 61 67 68 16 98 89 72 96 16 91 37 37 85 64 99 44 10 1 63 94 15 41 86 32 67 72 18 4 14 35 16 75 1 35 90 50 23 13 45 90 55 33 79 39 97 77 82 6 29 96 52 95 36 37 26 55 
8 95 58 22 29 26 48 81 12 89 30 87 53 26 0 76 7 59 6 46 55 34 79 12 63 75 63 57 10 100 83 64 59 77 74 80 58 51 79 38 62 67 20 48 19 45 76 26 3 33 23 9 67 53 21 29 27 35 37 89 86 19 4 45 48 29 24 57 79 55 
46 93 21 65 92 92 10 67 17 64 52 91 73 18 43 0 45 98 22 79 34 10 65 5 13 9 52 42 84 60 72 38 5 64 11 70 56 2 31 74 70 94 25 60 18 42 2 62 91 23 41 25 84 57 29 49 65 32 90 100 91 13 38 95 77 100 16 84 1 46 
9 70 92 86 29 9 27 82 71 70 57 63 94 40 19 22 0 88 35 53 29 34 43 94 23 89 70 22 5 5 22 2 13 91 93 98 71 2 77 53 24 46 61 86 91 100 4 12 40 38 16 68 23 58 61 46 98 82 67 54 38 89 56 3 31 48 52 2 1 80 
6 24 77 66 61 67 17 16 30 56 5 45 76 28 54 88 73 0 52 22 39 57 59 79 12 13 10 12 65 11 64 96 16 88 73 33 100 91 49 16 21 5 20 17 32 47 71 19 71 74 40 10 82 51 40 94 63 49 57 79 59 20 75 26 59 99 10 59 89 59 
74 61 15 45 30 46 44 52 64 14 77 4 75 58 6 15 3 68 0 63 59 47 74 79 21 51 37 71 61 95 11 71 20 72 85 65 53 30 8 4 45 73 80 100 48 37 5 14 40 73 28 50 71 1 28 43 4 17 13 64 11 23 34 83 46 70 99 98 99 6 
1 43 30 32 95 29 21 99 42 12 71 70 61 93 22 89 35 25 5 0 47 40 67 70 25 1 15 94 99 65 44 56 17 39 86 49 33 14 69 31 8 80 54 77 92 46 50 32 33 27 88 79 66 55 100 43 7 67 36 6 31 32 61 47 70 46 95 2 12 15 
84 19 46 89 47 38 87 96 69 19 22 9 97 40 15 49 82 21 15 69 0 26 45 100 87 43 69 84 90 22 95 4 58 65 2 46 11 39 32 59 59 50 32 67 99 71 81 47 4 2 13 73 79 9 72 65 51 93 1 40 66 47 96 23 12 97 69 74 87 52 
32 97 54 16 16 4 86 48 2 42 1 14 66 80 22 89 96 72 81 96 64 0 47 43 11 21 6 59 41 79 97 93 63 93 98 78 60 1 15 8 2 56 8 15 21 87 36 10 35 59 42 30 74 40 24 84 61 29 94 1 8 90 45 70 35 42 47 94 94 13 
1 95 69 61 61 41 47 96 50 81 7 44 63 80 83 86 16 95 67 61 48 26 0 51 92 95 85 86 93 30 79 5 31 26 25 91 86 66 89 34 67 22 40 10 84 71 45 21 38 39 39 99 38 64 1 30 10 85 67 2 14 97 59 96 22 35 38 60 100 27 
93 19 100 84 80 35 6 24 55 44 15 46 94 52 9 94 33 19 30 51 72 95 48 0 82 91 21 17 80 80 68 6 72 86 57 55 18 91 61 41 98 56 7 43 1 59 51 94 43 21 75 94 93 69 41 74 11 61 90 91 41 58 48 64 95 5 71 12 47 83 
5 44 38 63 86 38 21 89 83 16 9 57 9 1 77 1 27 88 13 16 30 5 25 77 0 69 72 33 39 35 80 21 39 23 10 2 61 99 74 1 81 41 9 89 49 62 65 1 88 52 14 55 33 18 80 10 38 3 94 76 37 25 48 28 48 57 81 60 55 6 
60 87 47 20 75 47 81 92 48 20 43 61 75 28 30 6 89 68 8 82 95 96 7 43 23 0 6 51 55 17 58 61 28 96 59 47 71 5 80 62 4 99 56 16 73 83 46 30 23 65 37 5 59 85 63 53 59 20 56 14 36 13 26 63 8 36 9 30 92 88 
43 96 39 99 63 11 33 60 93 56 24 81 12 35 65 26 87 24 45 42 89 80 6 14 42 66 0 1 2 95 92 42 38 87 80 88 50 42 72 61 34 79 85 15 90 19 79 15 57 54 11 51 42 90 56 7 83 21 7 85 68 99 26 57 37 57 44 38 98 67 
99 32 46 35 46 87 5 76 54 61 30 64 63 23 54 19 82 88 91 88 72 10 38 49 66 75 57 0 9 64 55 76 62 38 73 48 35 59 52 10 12 65 91 28 27 66 81 97 47 68 40 34 92 49 24 92 15 50 49 75 13 55 2 27 92 74 74 26 33 78 
87 96 42 30 23 20 95 55 17 41 75 56 26 66 4 1 9 70 50 57 45 15 11 46 41 54 20 66 0 79 4 43 18 99 36 47 74 56 93 28 24 33 2 79 10 67 34 11 28 56 12 36 100 26 47 97 18 52 68 84 83 71 78 100 22 14 98 95 21 90 
22 44 74 24 74 35 42 7 45 21 14 9 57 13 34 55 62 52 6 29 87 88 52 64 87 25 29 84 19 0 49 25 92 44 98 67 17 33 61 76 29 81 89 37 37 54 23 91 15 26 97 95 12 84 98 27 23 22 56 58 40 56 83 32 52 80 50 68 64 10 
95 93 91 84 81 79 89 3 70 3 28 18 49 91 53 47 18 27 68 25 85 60 32 67 43 83 98 92 3 14 0 2 97 6 44 32 86 22 20 41 43 22 20 60 23 11 65 69 28 91 88 4 75 47 35 93 89 18 43 81 72 56 34 68 13 29 100 50 50 19 
90 45 93 10 4 15 72 20 35 99 11 22 2 37 69 88 30 9 57 24 41 28 31 74 96 43 2 47 92 4 17 0 34 48 9 43 3 75 66 23 61 64 33 35 17 21 55 56 2 63 13 25 4 40 55 29 87 97 83 85 41 38 2 74 85 62 68 39 89 33 
61 49 48 45 83 16 18 89 71 19 52 35 44 7 75 50 35 13 99 69 50 39 6 51 12 42 64 31 81 52 63 93 0 53 10 90 87 77 7 76 47 25 79 82 20 85 8 70 71 72 68 40 21 58 97 23 21 39 87 51 71 90 65 63 42 26 4 81 2 10 
56 100 35 86 33 54 70 92 75 92 64 94 31 36 51 80 59 71 70 97 73 40 86 37 54 80 62 58 12 63 19 67 15 0 53 4 47 59 73 39 33 64 2 27 47 89 29 78 99 52 47 47 24 38 85 13 43 64 74 100 75 89 19 93 3 23 96 49 81 20 
39 66 35 92 44 81 81 72 58 31 23 56 78 99 93 62 11 36 25 36 87 51 24 57 95 78 80 42 79 12 61 17 29 47 0 9 72 28 41 44 37 71 18 45 48 16 37 9 26 24 85 62 63 87 37 19 81 67 50 74 45 14 86 61 42 33 21 14 12 61 
9 48 32 26 92 79 42 81 40 19 56 24 32 18 11 69 89 43 35 90 17 31 3 2 43 97 86 64 10 97 24 70 97 7 95 0 40 86 88 20 25 59 28 100 90 45 10 10 85 5 96 75 21 26 77 74 69 73 60 84 34 8 7 55 4 66 2 44 51 89 
15 27 47 42 26 89 39 88 98 23 92 94 97 64 71 26 89 39 50 48 22 36 8 81 90 11 46 91 6 48 32 21 26 30 14 3 0 18 52 90 68 27 33 61 75 96 31 52 85 22 54 84 95 89 91 27 30 2 24 73 7 71 4 79 48 85 93 51 3 96 
40 70 74 25 82 49 20 64 52 56 85 5 40 32 93 82 58 75 35 82 99 94 4 54 72 52 38 16 54 92 64 45 13 37 69 94 37 0 41 10 89 96 46 93 87 77 38 69 35 12 3 68 10 96 23 63 20 26 52 35 79 44 98 24 8 87 44 2 23 84 
63 11 32 8 4 18 85 93 38 71 56 93 90 17 40 12 31 59 38 82 46 68 77 95 43 85 81 87 38 56 22 100 66 5 7 21 23 43 0 65 12 65 20 4 54 36 44 66 66 54 55 100 99 22 76 46 65 12 78 3 49 33 24 48 99 29 7 71 3 1 
36 66 66 7 70 19 43 65 36 60 18 42 11 69 64 39 14 80 50 91 82 51 24 57 50 74 37 56 96 91 9 83 57 74 90 78 44 84 94 0 32 95 11 73 6 79 88 44 44 67 45 87 100 95 10 9 45 35 97 52 30 88 60 65 96 85 54 25 81 37 
18 12 83 28 36 88 59 24 83 54 42 80 40 94 26 1 2 70 35 98 74 17 37 33 81 84 70 86 8 50 74 25 13 56 5 100 96 15 75 30 0 20 69 9 60 62 35 60 63 56 47 12 29 15 1 14 47 84 35 32 92 36 5 68 48 12 24 99 7 90 
26 89 10 94 49 21 55 83 32 69 91 78 32 19 44 32 84 90 68 18 73 11 53 29 30 52 41 54 51 99 95 28 87 4 21 88 24 27 70 56 47 0 12 85 78 31 81 62 66 70 29 84 43 91 36 71 20 40 63 73 42 14 68 69 52 23 89 39 99 67 
61 54 13 72 90 42 54 70 3 20 92 83 55 86 73 42 8 93 81 23 17 22 36 36 42 87 59 82 78 57 48 38 62 12 9 3 54 15 25 8 86 16 0 43 40 1 15 81 60 59 14 82 28 35 17 63 29 56 73 10 33 29 58 70 42 69 30 45 74 44 
69 82 81 36 76 20 88 90 1 47 1 66 29 28 52 97 42 80 52 15 90 36 95 99 5 37 19 87 33 93 82 53 26 63 88 1 82 75 42 34 73 94 51 0 53 21 3 50 15 82 53 29 23 89 75 21 45 11 40 31 95 84 65 47 61 27 86 61 60 12 
54 46 85 48 96 89 20 98 38 34 32 91 14 54 31 89 75 75 51 66 58 46 1 22 44 61 100 82 73 11 93 78 56 29 25 4 18 97 53 7 30 84 49 96 0 90 79 84 16 54 86 81 11 31 33 84 27 93 83 8 17 93 52 94 1 33 19 4 2 67 
8 8 96 44 57 43 33 35 78 48 40 64 80 50 46 64 33 72 56 67 31 72 60 35 65 60 67 35 15 20 1 22 27 49 65 83 91 49 70 69 48 9 32 79 11 0 77 42 95 1 49 62 83 20 21 17 37 32 35 23 46 54 24 19 33 24 36 15 66 84 
36 86 84 45 17 62 7 46 56 1 98 4 62 80 76 34 49 12 65 35 86 62 41 9 33 73 84 68 39 50 3 75 35 86 71 4 100 77 1 55 77 98 58 91 29 85 0 24 29 96 41 64 82 54 4 42 86 28 26 53 66 27 56 40 61 93 10 16 92 38 
16 98 15 65 8 5 94 92 80 74 88 72 89 21 26 44 14 11 71 91 64 37 17 71 28 30 15 38 45 7 75 61 56 41 77 63 97 22 55 77 96 94 48 84 66 25 28 0 79 36 50 22 51 86 38 73 14 19 87 3 64 45 77 76 1 70 4 63 66 26 
69 94 21 62 94 56 27 18 35 58 5 85 79 55 70 68 79 35 87 66 37 2 62 66 29 62 35 32 77 52 57 97 98 29 59 91 85 37 60 71 94 65 55 24 71 77 92 50 0 11 30 15 100 83 28 65 63 90 51 94 18 54 3 14 51 83 24 93 19 13 
53 90 6 69 44 82 39 20 25 88 83 54 54 82 88 82 46 50 23 48 43 92 1 97 57 52 32 81 44 50 93 48 39 50 16 35 31 55 6 55 94 88 60 48 69 47 81 66 96 0 3 13 91 46 66 39 2 17 70 82 12 20 26 60 10 76 75 44 58 81 
2 65 75 89 76 74 10 23 54 75 70 8 40 12 53 5 51 54 21 72 88 84 43 65 43 53 92 70 48 2 50 49 66 76 38 41 49 47 15 2 73 37 61 12 48 13 16 50 19 88 0 74 58 72 16 74 66 68 66 35 16 67 37 16 84 64 5 76 13 3 
91 66 76 79 27 39 78 91 55 80 61 42 53 70 65 68 44 31 36 9 17 3 75 5 70 10 69 75 85 81 77 27 98 4 5 24 43 83 67 49 14 27 42 66 97 7 33 40 89 20 100 0 57 22 26 62 44 35 82 18 19 14 46 46 11 50 50 87 44 84 
53 44 97 31 85 14 27 43 47 18 31 66 17 40 40 94 53 83 28 34 52 47 47 97 92 9 98 93 95 93 29 99 36 77 30 73 91 8 15 89 26 98 54 94 37 45 88 89 79 67 74 82 0 13 72 31 56 80 80 1 27 73 29 25 60 57 6 32 47 14 
99 35 91 96 41 84 84 37 23 24 16 90 97 49 54 68 79 10 99 59 62 77 83 90 54 94 46 59 78 45 72 76 79 62 23 71 98 6 8 72 81 75 61 77 23 67 96 54 28 46 12 89 23 0 46 78 76 39 75 86 16 71 58 43 50 71 65 72 68 22 
79 40 54 5 52 30 28 18 77 81 45 75 44 33 49 89 62 76 79 89 61 47 59 70 89 60 41 6 32 8 79 62 99 33 67 51 14 46 20 43 78 17 17 73 1 17 61 63 92 91 3 4 37 61 0 74 78 73 14 35 4 73 13 17 72 97 83 74 11 80 
45 5 57 61 73 29 62 89 41 76 32 84 78 35 72 90 8 1 62 21 35 17 46 100 34 17 96 68 90 58 48 34 62 56 47 34 37 8 22 29 35 53 64 12 88 36 53 47 36 15 20 71 83 65 70 0 16 81 17 36 22 75 35 7 36 90 5 70 78 12 
43 59 46 48 22 9 87 57 62 33 45 28 4 67 10 68 88 78 100 4 13 73 78 47 32 66 88 36 87 18 48 29 76 45 76 49 6 62 58 19 47 2 98 50 68 59 18 55 36 69 10 100 42 88 46 73 0 5 86 8 91 3 7 71 30 4 99 78 61 12 
35 79 58 88 76 60 55 86 29 61 22 97 71 21 90 10 19 62 14 4 22 56 58 80 78 87 35 76 16 95 88 3 73 97 90 100 56 97 86 84 57 59 33 27 79 22 88 49 36 1 52 9 8 9 88 86 47 0 23 61 15 69 100 17 42 49 6 93 4 2 
30 40 11 88 24 89 19 97 77 67 32 77 71 92 37 31 80 22 78 54 34 44 22 86 60 15 34 17 60 89 71 41 80 81 29 3 69 99 100 45 17 83 74 87 75 10 18 6 83 47 11 16 90 32 1 1 99 86 0 17 10 75 87 50 54 19 30 57 88 80 
8 84 97 90 57 83 64 18 52 69 100 50 79 68 39 63 20 39 13 6 8 74 80 94 23 33 13 5 41 52 84 48 35 32 38 44 67 53 61 18 22 13 68 52 32 58 66 51 49 78 56 56 51 35 1 26 20 65 30 0 60 68 65 60 3 97 49 98 63 1 
10 32 74 22 51 26 53 9 91 4 57 21 11 64 23 98 16 48 17 81 29 28 48 46 39 2 42 87 99 56 40 9 39 13 82 90 90 87 98 81 42 6 53 52 21 75 1 36 75 69 68 3 97 16 48 87 69 41 74 20 0 48 65 80 87 77 13 28 67 99 
25 99 40 82 51 44 54 77 44 89 51 13 57 54 61 24 53 47 44 46 72 63 93 36 94 31 65 7 58 31 5 34 81 97 67 83 40 20 59 35 9 10 47 17 15 59 92 19 58 35 64 81 50 9 69 43 39 33 1 49 15 0 6 82 95 54 49 77 45 20 
35 79 80 96 78 96 62 88 39 81 45 74 96 78 75 56 46 69 47 78 70 95 92 27 76 86 80 76 14 24 96 48 54 75 96 83 23 57 23 61 89 67 86 37 44 60 92 41 29 38 18 98 32 61 24 60 98 55 87 11 30 34 0 11 35 61 58 18 83 66 
40 95 55 58 81 43 54 92 86 94 72 24 64 21 7 24 96 18 74 50 57 36 31 90 46 66 50 3 35 84 21 74 79 75 83 11 69 88 54 54 82 26 29 97 98 88 72 94 5 45 95 61 81 26 3 78 91 4 33 25 88 53 50 0 18 79 84 80 47 72 
33 52 5 10 81 1 8 68 72 1 24 69 47 37 1 72 39 78 14 42 10 90 81 14 39 50 92 75 29 90 46 14 42 50 23 22 2 82 89 25 34 64 93 81 100 93 4 90 23 18 84 32 7 64 98 98 66 89 72 94 79 69 59 20 0 70 82 93 71 15 
33 95 49 96 88 29 96 32 32 85 54 1 68 38 60 84 35 9 49 75 32 94 53 100 53 24 69 86 16 91 100 48 85 100 96 24 28 91 56 12 27 61 64 47 98 23 30 84 83 30 59 14 75 63 13 79 87 33 16 54 23 16 54 60 67 0 49 83 47 91 
90 58 17 51 73 15 100 48 96 84 30 77 42 44 52 56 8 30 42 93 46 96 67 13 1 26 79 49 61 25 39 2 34 7 52 7 74 4 6 69 87 35 46 80 78 97 35 38 78 29 30 75 76 96 87 76 74 18 76 86 94 66 87 28 72 91 0 86 45 94 
91 66 32 77 11 63 7 59 97 44 36 77 73 11 52 20 49 79 45 66 54 30 12 19 17 39 43 7 76 39 100 18 4 83 94 14 45 100 72 93 43 60 70 67 22 73 39 70 52 83 88 57 13 99 28 81 89 70 87 16 8 38 33 64 20 78 77 0 16 78 
1 8 72 12 77 91 33 2 81 54 5 15 93 61 27 91 40 59 31 9 45 46 69 34 30 32 5 8 60 20 37 12 28 60 23 56 2 55 57 82 61 13 97 53 26 75 96 65 34 26 74 30 24 94 64 5 25 68 12 36 88 100 48 67 60 70 22 61 0 77 
31 95 37 43 43 89 68 17 36 33 2 62 58 32 37 51 95 41 27 14 5 62 53 4 9 19 15 79 41 28 7 23 22 43 65 64 83 85 32 19 69 34 32 26 65 68 28 11 60 54 24 64 15 29 20 76 47 86 6 39 13 12 61 86 6 78 1 88 14 0 
