180
0 86 49 89 34 34 22 61 69 76 33 88 44 48 53 53 81 69 31 83 1 74 34 5 4 33 75 58 38 19 65 10 56 66 50 89 99 71 2 20 98 34 7 93 33 11 45 65 80 28 48 80 1 33 36 4 65 63 14 55 81 78 64 88 43 13 28 94 35 29 13 85 14 71 77 99 33 74 63 12 1 62 43 1 95 79 56 11 41 69 65 73 99 80 60 93 44 87 86 79 68 50 63 33 72 91 31 5 64 46 68 64 7 63 16 53 41 72 16 33 92 80 5 90 12 16 83 55 54 20 85 21 22 99 54 45 90 36 1 5 81 69 69 40 83 36 92 23 59 59 7 51 91 11 92 2 78 26 56 31 98 41 4 71 39 9 15 80 44 68 85 77 88 5 68 70 40 11 92 99 
70 0 98 1 60 60 92 61 89 18 68 19 67 60 74 37 51 82 51 30 78 18 14 6 5 70 73 26 10 83 17 60 52 66 60 63 77 51 23 65 20 43 36 86 2 61 74 52 43 25 34 72 94 99 29 51 69 1 76 30 35 45 89 87 62 48 49 91 50 24 7 70 18 42 7 19 55 81 23 49 57 8 20 2 6 48 4 26 100 32 55 34 28 43 72 89 42 73 79 92 96 86 13 65 79 71 83 33 3 57 81 59 64 52 13 22 51 16 99 50 99 54 36 26 48 7 15 90 79 45 33 26 82 45 42 13 15 25 45 70 33 78 80 49 81 92 22 32 60 20 33 58 73 20 84 73 27 50 62 57 46 94 35 28 90 76 40 56 52 36 25 37 65 5 85 46 48 6 29 7 
77 61 0 17 2 81 52 74 59 1 87 67 98 80 53 77 21 29 16 76 32 4 53 68 68 57 4 65 4 61 93 63 38 6 79 39 38 30 12 48 82 98 14 31 29 67 8 1 47 23 76 78 78 80 98 46 36 1 62 92 14 55 6 51 12 84 41 49 65 4 96 98 1 61 28 81 79 35 81 25 10 8 55 87 40 52 84 75 4 46 18 17 100 23 19 63 58 59 11 22 62 58 19 14 70 47 46 49 81 26 73 90 86 79 29 25 30 12 51 86 57 21 54 8 95 73 70 53 31 32 26 45 41 45 58 11 43 56 59 75 33 83 17 18 62 45 94 43 8 97 28 65 17 82 24 63 6 94 15 88 77 41 32 18 37 42 28 31 97 38 5 29 20 73 99 81 69 44 76 77 
40 55 41 0 8 88 64 71 93 9 37 81 86 29 64 3 65 57 82 95 5 19 52 86 90 76 84 71 45 79 98 21 19 52 61 78 92 76 100 84 85 37 16 22 65 32 76 82 88 57 28 93 27 79 78 16 55 13 38 51 43 35 71 13 39 83 91 30 58 90 65 94 78 81 15 43 64 90 24 51 98 51 95 24 82 24 40 88 88 77 38 31 64 8 43 2 90 85 31 99 75 95 93 52 27 59 46 90 1 21 93 98 72 39 74 5 63 13 92 50 41 29 32 4 88 75 57 29 59 39 27 85 34 19 89 12 78 86 54 78 7 46 27 78 84 100 34 98 64 25 100 5 5 31 60 92 57 17 72 68 55 98 4 40 69 92 4 46 78 57 75 36 54 53 65 89 53 98 87 16 
22 86 72 78 0 68 32 21 77 100 92 44 54 89 47 46 57 91 49 54 20 57 80 55 10 33 19 98 37 16 36 52 89 73 76 66 93 7 86 69 6 77 12 11 17 10 56 74 100 56 79 19 12 59 25 21 91 95 71 27 10 58 30 50 83 5 15 75 63 52 43 20 80 6 31 97 15 38 70 67 94 48 37 5 58 62 78 48 56 100 26 18 9 8 67 91 64 34 65 27 85 59 46 65 64 28 61 31 66 82 97 59 81 33 63 39 46 92 38 2 91 64 71 100 23 37 42 86 70 7 12 7 17 10 71 81 37 83 63 2 64 59 60 44 43 75 34 89 66 72 42 9 35 12 60 9 100 1 94 22 7 58 28 76 67 50 56 55 32 70 57 47 28 68 42 22 42 76 10 60 
47 51 68 33 14 0 27 41 66 27 86 87 86 43 66 61 61 67 68 16 98 89 72 96 16 91 37 37 85 64 99 44 10 1 63 94 15 41 86 32 67 72 18 4 14 35 16 75 1 35 90 50 23 13 45 90 55 33 79 39 97 77 82 6 29 96 52 95 36 37 26 55 8 95 58 22 29 26 48 81 12 89 30 87 53 26 76 7 59 6 46 55 34 79 12 63 75 63 57 10 100 83 64 59 77 74 80 58 51 79 38 62 67 20 48 19 45 76 26 3 33 23 9 67 53 21 29 27 35 37 89 86 19 4 45 48 29 24 57 79 55 46 93 21 65 92 92 10 67 17 64 52 91 73 18 43 45 98 22 79 34 10 65 5 13 9 52 42 84 60 72 38 5 64 11 70 56 2 31 74 
70 94 25 60 18 42 0 2 62 91 23 41 25 84 57 29 49 65 32 90 100 91 13 38 95 77 100 16 84 1 46 9 70 92 86 29 9 27 82 71 70 57 63 94 40 19 22 88 35 53 29 34 43 94 23 89 70 22 5 5 22 2 13 91 93 98 71 2 77 53 24 46 61 86 91 100 4 12 40 38 16 68 23 58 61 46 98 82 67 54 38 89 56 3 31 48 52 2 1 80 6 24 77 66 61 67 17 16 30 56 5 45 76 28 54 88 73 52 22 39 57 59 79 12 13 10 12 65 11 64 96 16 88 73 33 100 91 49 16 21 5 20 17 32 47 71 19 71 74 40 10 82 51 40 94 63 49 57 79 59 20 75 26 59 99 10 59 89 59 74 61 15 45 30 46 44 52 64 14 77 
4 75 58 6 15 3 68 0 63 59 47 74 79 21 51 37 71 61 95 11 71 20 72 85 65 53 30 8 4 45 73 80 100 48 37 5 14 40 73 28 50 71 1 28 43 4 17 13 64 11 23 34 83 46 70 99 98 99 6 1 43 30 32 95 29 21 99 42 12 71 70 61 93 22 89 35 25 5 47 40 67 70 25 1 15 94 99 65 44 56 17 39 86 49 33 14 69 31 8 80 54 77 92 46 50 32 33 27 88 79 66 55 100 43 7 67 36 6 31 32 61 47 70 46 95 2 12 15 84 19 46 89 47 38 87 96 69 19 22 9 97 40 15 49 82 21 15 69 26 45 100 87 43 69 84 90 22 95 4 58 65 2 46 11 39 32 59 59 50 32 67 99 71 81 47 4 2 13 73 79 
9 72 65 51 93 1 40 66 0 47 96 23 12 97 69 74 87 52 32 97 54 16 16 4 86 48 2 42 1 14 66 80 22 89 96 72 81 96 64 47 43 11 21 6 59 41 79 97 93 63 93 98 78 60 1 15 8 2 56 8 15 21 87 36 10 35 59 42 30 74 40 24 84 61 29 94 1 8 90 45 70 35 42 47 94 94 13 1 95 69 61 61 41 47 96 50 81 7 44 63 80 83 86 16 95 67 61 48 26 51 92 95 85 86 93 30 79 5 31 26 25 91 86 66 89 34 67 22 40 10 84 71 45 21 38 39 39 99 38 64 1 30 10 85 67 2 14 97 59 96 22 35 38 60 100 27 93 19 100 84 80 35 6 24 55 44 15 46 94 52 9 94 33 19 30 51 72 95 48 82 
91 21 17 80 80 68 6 72 86 0 57 55 18 91 61 41 98 56 7 43 1 59 51 94 43 21 75 94 93 69 41 74 11 61 90 91 41 58 48 64 95 5 71 12 47 83 5 44 38 63 86 38 21 89 83 16 9 57 9 1 77 1 27 88 13 16 30 5 25 77 69 72 33 39 35 80 21 39 23 10 2 61 99 74 1 81 41 9 89 49 62 65 1 88 52 14 55 33 18 80 10 38 3 94 76 37 25 48 28 48 57 81 60 55 6 60 87 47 20 75 47 81 92 48 20 43 61 75 28 30 6 89 68 8 82 95 96 7 43 23 6 51 55 17 58 61 28 96 59 47 71 5 80 62 4 99 56 16 73 83 46 30 23 65 37 5 59 85 63 53 59 20 56 14 36 13 26 63 8 36 
9 30 92 88 43 96 39 99 63 11 0 33 60 93 56 24 81 12 35 65 26 87 24 45 42 89 80 6 14 42 66 1 2 95 92 42 38 87 80 88 50 42 72 61 34 79 85 15 90 19 79 15 57 54 11 51 42 90 56 7 83 21 7 85 68 99 26 57 37 57 44 38 98 67 99 32 46 35 46 87 5 76 54 61 30 64 63 23 54 19 82 88 91 88 72 10 38 49 66 75 57 9 64 55 76 62 38 73 48 35 59 52 10 12 65 91 28 27 66 81 97 47 68 40 34 92 49 24 92 15 50 49 75 13 55 2 27 92 74 74 26 33 78 87 96 42 30 23 20 95 55 17 41 75 56 26 66 4 1 9 70 50 57 45 15 11 46 41 54 20 66 79 4 43 18 99 36 47 74 56 
93 28 24 33 2 79 10 67 34 11 28 0 56 12 36 100 26 47 97 18 52 68 84 83 71 78 100 22 14 98 95 21 90 22 44 74 24 74 35 42 7 45 21 14 9 57 13 34 55 62 52 6 29 87 88 52 64 87 25 29 84 19 49 25 92 44 98 67 17 33 61 76 29 81 89 37 37 54 23 91 15 26 97 95 12 84 98 27 23 22 56 58 40 56 83 32 52 80 50 68 64 10 95 93 91 84 81 79 89 3 70 3 28 18 49 91 53 47 18 27 68 25 85 60 32 67 43 83 98 92 3 14 2 97 6 44 32 86 22 20 41 43 22 20 60 23 11 65 69 28 91 88 4 75 47 35 93 89 18 43 81 72 56 34 68 13 29 100 50 50 19 90 45 93 10 4 15 72 20 35 
99 11 22 2 37 69 88 30 9 57 24 41 0 28 31 74 96 43 2 47 92 4 17 34 48 9 43 3 75 66 23 61 64 33 35 17 21 55 56 2 63 13 25 4 40 55 29 87 97 83 85 41 38 2 74 85 62 68 39 89 33 61 49 48 45 83 16 18 89 71 19 52 35 44 7 75 50 35 13 99 69 50 39 6 51 12 42 64 31 81 52 63 93 53 10 90 87 77 7 76 47 25 79 82 20 85 8 70 71 72 68 40 21 58 97 23 21 39 87 51 71 90 65 63 42 26 4 81 2 10 56 100 35 86 33 54 70 92 75 92 64 94 31 36 51 80 59 71 70 97 73 40 86 37 54 80 62 58 12 63 19 67 15 53 4 47 59 73 39 33 64 2 27 47 89 29 78 99 52 47 
47 24 38 85 13 43 64 74 100 75 89 19 93 0 3 23 96 49 81 20 39 66 35 92 44 81 81 72 58 31 23 56 78 99 93 62 11 36 25 36 87 51 24 57 95 78 80 42 79 12 61 17 29 47 9 72 28 41 44 37 71 18 45 48 16 37 9 26 24 85 62 63 87 37 19 81 67 50 74 45 14 86 61 42 33 21 14 12 61 9 48 32 26 92 79 42 81 40 19 56 24 32 18 11 69 89 43 35 90 17 31 3 2 43 97 86 64 10 97 24 70 97 7 95 40 86 88 20 25 59 28 100 90 45 10 10 85 5 96 75 21 26 77 74 69 73 60 84 34 8 7 55 4 66 2 44 51 89 15 27 47 42 26 89 39 88 98 23 92 94 97 64 71 26 89 39 50 48 22 36 
8 81 90 11 46 91 6 48 32 21 26 30 14 3 0 18 52 90 68 27 33 61 75 96 31 52 85 22 54 84 95 89 91 27 30 2 24 73 7 71 4 79 48 85 93 51 3 96 40 70 74 25 82 49 20 64 52 56 85 5 40 32 93 82 58 75 35 82 99 94 4 54 72 52 38 16 54 92 64 45 13 37 69 94 37 41 10 89 96 46 93 87 77 38 69 35 12 3 68 10 96 23 63 20 26 52 35 79 44 98 24 8 87 44 2 23 84 63 11 32 8 4 18 85 93 38 71 56 93 90 17 40 12 31 59 38 82 46 68 77 95 43 85 81 87 38 56 22 100 66 5 7 21 23 43 65 12 65 20 4 54 36 44 66 66 54 55 100 99 22 76 46 65 12 78 3 49 33 24 48 
99 29 7 71 3 1 36 66 66 7 70 19 43 65 36 0 60 18 42 11 69 64 39 14 80 50 91 82 51 24 57 50 74 37 56 96 91 9 83 57 74 90 78 44 84 94 32 95 11 73 6 79 88 44 44 67 45 87 100 95 10 9 45 35 97 52 30 88 60 65 96 85 54 25 81 37 18 12 83 28 36 88 59 24 83 54 42 80 40 94 26 1 2 70 35 98 74 17 37 33 81 84 70 86 8 50 74 25 13 56 5 100 96 15 75 30 20 69 9 60 62 35 60 63 56 47 12 29 15 1 14 47 84 35 32 92 36 5 68 48 12 24 99 7 90 26 89 10 94 49 21 55 83 32 69 91 78 32 19 44 32 84 90 68 18 73 11 53 29 30 52 41 54 51 99 95 28 87 4 21 
88 24 27 70 56 47 12 85 78 31 81 62 66 70 29 84 0 43 91 36 71 20 40 63 73 42 14 68 69 52 23 89 39 99 67 61 54 13 72 90 42 54 70 3 20 92 83 55 86 73 42 8 93 81 23 17 22 36 36 42 87 59 82 78 57 48 38 62 12 9 3 54 15 25 8 86 16 43 40 1 15 81 60 59 14 82 28 35 17 63 29 56 73 10 33 29 58 70 42 69 30 45 74 44 69 82 81 36 76 20 88 90 1 47 1 66 29 28 52 97 42 80 52 15 90 36 95 99 5 37 19 87 33 93 82 53 26 63 88 1 82 75 42 34 73 94 51 53 21 3 50 15 82 53 29 23 89 75 21 45 11 40 31 95 84 65 47 61 27 86 61 60 12 54 46 85 48 96 89 20 
98 38 34 32 91 14 54 31 89 75 75 51 66 58 46 1 22 0 44 61 100 82 73 11 93 78 56 29 25 4 18 97 53 7 30 84 49 96 90 79 84 16 54 86 81 11 31 33 84 27 93 83 8 17 93 52 94 1 33 19 4 2 67 8 8 96 44 57 43 33 35 78 48 40 64 80 50 46 64 33 72 56 67 31 72 60 35 65 60 67 35 15 20 1 22 27 49 65 83 91 49 70 69 48 9 32 79 11 77 42 95 1 49 62 83 20 21 17 37 32 35 23 46 54 24 19 33 24 36 15 66 84 36 86 84 45 17 62 7 46 56 1 98 4 62 80 76 34 49 12 65 35 86 62 41 9 33 73 84 68 39 50 3 75 35 86 71 4 100 77 1 55 77 98 58 91 29 85 24 29 
96 41 64 82 54 4 42 86 28 26 53 66 27 56 40 61 93 10 0 16 92 38 16 98 15 65 8 5 94 92 80 74 88 72 89 21 26 44 14 11 71 91 64 37 17 71 28 30 15 38 45 7 75 61 56 41 77 63 97 22 55 77 96 94 48 84 66 25 28 79 36 50 22 51 86 38 73 14 19 87 3 64 45 77 76 1 70 4 63 66 26 69 94 21 62 94 56 27 18 35 58 5 85 79 55 70 68 79 35 87 66 37 2 62 66 29 62 35 32 77 52 57 97 98 29 59 91 85 37 60 71 94 65 55 24 71 77 92 50 11 30 15 100 83 28 65 63 90 51 94 18 54 3 14 51 83 24 93 19 13 53 90 6 69 44 82 39 20 25 88 83 54 54 82 88 82 46 50 23 48 
43 92 1 97 57 52 32 81 44 50 93 48 39 50 16 35 31 55 6 0 55 94 88 60 48 69 47 81 66 96 3 13 91 46 66 39 2 17 70 82 12 20 26 60 10 76 75 44 58 81 2 65 75 89 76 74 10 23 54 75 70 8 40 12 53 5 51 54 21 72 88 84 43 65 43 53 92 70 48 2 50 49 66 76 38 41 49 47 15 2 73 37 61 12 48 13 16 50 19 88 74 58 72 16 74 66 68 66 35 16 67 37 16 84 64 5 76 13 3 91 66 76 79 27 39 78 91 55 80 61 42 53 70 65 68 44 31 36 9 17 3 75 5 70 10 69 75 85 81 77 27 98 4 5 24 43 83 67 49 14 27 42 66 97 7 33 40 89 20 100 57 22 26 62 44 35 82 18 19 14 
46 46 11 50 50 87 44 84 53 44 97 31 85 14 27 43 47 18 31 66 0 17 40 40 94 53 83 28 34 52 47 47 97 92 9 98 93 95 93 29 99 36 77 30 73 91 8 15 89 26 98 54 94 37 45 88 89 79 67 74 82 13 72 31 56 80 80 1 27 73 29 25 60 57 6 32 47 14 99 35 91 96 41 84 84 37 23 24 16 90 97 49 54 68 79 10 99 59 62 77 83 90 54 94 46 59 78 45 72 76 79 62 23 71 98 6 8 72 81 75 61 77 23 67 96 54 28 46 12 89 23 46 78 76 39 75 86 16 71 58 43 50 71 65 72 68 22 79 40 54 5 52 30 28 18 77 81 45 75 44 33 49 89 62 76 79 89 61 47 59 70 89 60 41 6 32 8 79 62 99 
33 67 51 14 46 20 43 78 17 17 73 1 17 61 63 92 91 3 4 37 61 0 74 78 73 14 35 4 73 13 17 72 97 83 74 11 80 45 5 57 61 73 29 62 89 41 76 32 84 78 35 72 90 8 1 62 21 35 17 46 100 34 17 96 68 90 58 48 34 62 56 47 34 37 8 22 29 35 53 64 12 88 36 53 47 36 15 20 71 83 65 70 16 81 17 36 22 75 35 7 36 90 5 70 78 12 43 59 46 48 22 9 87 57 62 33 45 28 4 67 10 68 88 78 100 4 13 73 78 47 32 66 88 36 87 18 48 29 76 45 76 49 6 62 58 19 47 2 98 50 68 59 18 55 36 69 10 100 42 88 46 73 5 86 8 91 3 7 71 30 4 99 78 61 12 35 79 58 88 76 
60 55 86 29 61 22 97 71 21 90 10 19 62 14 4 22 56 58 80 78 87 35 0 76 16 95 88 3 73 97 90 100 56 97 86 84 57 59 33 27 79 22 88 49 36 1 52 9 8 9 88 86 47 23 61 15 69 100 17 42 49 6 93 4 2 30 40 11 88 24 89 19 97 77 67 32 77 71 92 37 31 80 22 78 54 34 44 22 86 60 15 34 17 60 89 71 41 80 81 29 3 69 99 100 45 17 83 74 87 75 10 18 6 83 47 11 16 90 32 1 1 99 86 17 10 75 87 50 54 19 30 57 88 80 8 84 97 90 57 83 64 18 52 69 100 50 79 68 39 63 20 39 13 6 8 74 80 94 23 33 13 5 41 52 84 48 35 32 38 44 67 53 61 18 22 13 68 52 32 58 
66 51 49 78 56 56 51 35 1 26 20 65 30 60 68 65 60 3 97 49 98 63 1 0 10 32 74 22 51 26 53 9 91 4 57 21 11 64 23 98 16 48 17 81 29 28 48 46 39 2 42 87 99 56 40 9 39 13 82 90 90 87 98 81 42 6 53 52 21 75 1 36 75 69 68 3 97 16 48 87 69 41 74 20 48 65 80 87 77 13 28 67 99 25 99 40 82 51 44 54 77 44 89 51 13 57 54 61 24 53 47 44 46 72 63 93 36 94 31 65 7 58 31 5 34 81 97 67 83 40 20 59 35 9 10 47 17 15 59 92 19 58 35 64 81 50 9 69 43 39 33 1 49 15 6 82 95 54 49 77 45 20 35 79 80 96 78 96 62 88 39 81 45 74 96 78 75 56 46 69 
47 78 70 95 92 27 76 86 80 76 14 24 96 48 54 75 96 83 23 57 23 61 89 67 0 86 37 44 60 92 41 29 38 18 98 32 61 24 60 98 55 87 11 30 34 11 35 61 58 18 83 66 40 95 55 58 81 43 54 92 86 94 72 24 64 21 7 24 96 18 74 50 57 36 31 90 46 66 50 3 35 84 21 74 79 75 83 11 69 88 54 54 82 26 29 97 98 88 72 94 5 45 95 61 81 26 3 78 91 4 33 25 88 53 50 18 79 84 80 47 72 33 52 5 10 81 1 8 68 72 1 24 69 47 37 1 72 39 78 14 42 10 90 81 14 39 50 92 75 29 90 46 14 42 50 23 22 2 82 89 25 34 64 93 81 100 93 4 90 23 18 84 32 7 64 98 98 66 89 72 
94 79 69 59 20 70 82 93 71 15 33 95 49 96 88 29 96 32 32 85 54 1 68 38 60 0 84 35 9 49 75 32 94 53 100 53 24 69 86 16 91 100 48 85 100 96 24 28 91 56 12 27 61 64 47 98 23 30 84 83 30 59 14 75 63 13 79 87 33 16 54 23 16 54 60 67 49 83 47 91 90 58 17 51 73 15 100 48 96 84 30 77 42 44 52 56 8 30 42 93 46 96 67 13 1 26 79 49 61 25 39 2 34 7 52 7 74 4 6 69 87 35 46 80 78 97 35 38 78 29 30 75 76 96 87 76 74 18 76 86 94 66 87 28 72 91 86 45 94 91 66 32 77 11 63 7 59 97 44 36 77 73 11 52 20 49 79 45 66 54 30 12 19 17 39 43 7 76 39 100 
18 4 83 94 14 45 100 72 93 43 60 70 67 22 73 39 70 52 83 88 57 13 99 28 81 89 0 70 87 16 8 38 33 64 20 78 77 16 78 1 8 72 12 77 91 33 2 81 54 5 15 93 61 27 91 40 59 31 9 45 46 69 34 30 32 5 8 60 20 37 12 28 60 23 56 2 55 57 82 61 13 97 53 26 75 96 65 34 26 74 30 24 94 64 5 25 68 12 36 88 100 48 67 60 70 22 61 77 31 95 37 43 43 89 68 17 36 33 2 62 58 32 37 51 95 41 27 14 5 62 53 4 9 19 15 79 41 28 7 23 22 43 65 64 83 85 32 19 69 34 32 26 65 68 28 11 60 54 24 64 15 29 20 76 47 86 6 39 13 12 61 86 6 78 1 88 14 33 6 82 
66 89 59 82 8 86 92 68 91 67 83 57 95 54 32 94 40 89 84 52 100 97 90 5 26 90 45 0 39 22 50 72 39 91 30 72 98 67 63 65 9 82 100 65 28 53 49 73 92 37 57 96 37 53 85 93 78 74 37 68 48 39 39 38 29 20 10 26 38 24 43 46 57 94 10 85 46 10 9 90 47 65 85 35 69 21 27 46 46 64 13 45 54 3 83 82 22 44 59 11 67 53 56 24 46 18 60 44 27 20 33 25 85 69 59 53 41 86 51 86 1 15 83 6 18 65 39 91 60 97 2 78 2 9 53 47 26 12 42 5 84 74 29 68 94 40 72 34 77 22 72 29 89 54 34 6 70 72 48 29 20 49 58 21 58 11 20 35 74 61 91 57 87 72 24 32 11 48 66 87 
21 89 15 9 42 48 14 63 71 62 43 90 62 100 11 71 10 82 58 84 42 48 40 80 19 16 12 81 0 15 29 67 35 17 33 44 10 32 9 24 2 22 66 92 36 65 54 6 27 35 63 62 28 63 1 60 33 68 71 14 82 51 80 17 19 13 12 28 96 20 51 98 94 68 41 29 84 94 86 10 80 1 71 59 63 24 18 95 43 40 60 77 90 92 45 8 56 56 87 51 27 89 48 72 56 88 100 40 33 86 1 12 38 24 71 100 47 40 46 41 80 6 17 21 97 61 29 52 16 67 2 95 56 2 66 63 89 66 54 22 3 55 85 40 78 7 91 76 47 88 16 26 45 33 98 41 45 78 44 13 45 98 7 52 51 72 66 39 89 20 12 43 26 49 34 55 55 24 30 1 
64 97 78 8 81 76 1 26 5 44 38 49 93 96 52 43 19 18 34 8 37 97 2 14 45 36 68 100 11 0 49 52 74 45 30 82 78 57 82 55 13 77 44 62 22 39 65 64 57 82 49 16 70 46 70 83 90 5 2 89 67 50 41 93 47 22 26 24 30 59 78 42 35 73 55 56 11 20 72 19 53 20 87 23 65 56 57 55 12 59 95 78 8 87 22 54 60 47 29 89 5 58 83 92 30 37 99 92 8 70 11 13 42 97 87 6 4 43 12 15 53 59 44 13 45 66 18 5 64 47 45 69 4 79 12 86 68 10 77 75 80 39 87 73 87 73 78 90 68 42 4 20 100 100 84 96 17 2 52 80 100 49 100 55 27 11 40 94 21 17 21 52 55 59 24 42 84 53 83 3 
46 39 74 97 38 58 93 6 59 96 85 58 44 85 12 23 47 4 16 19 72 88 70 26 99 45 19 82 98 54 0 84 43 92 57 40 81 66 84 86 76 79 70 85 75 6 49 97 5 52 64 23 23 4 93 100 2 37 71 35 86 24 70 81 15 78 20 47 44 55 32 19 85 53 4 59 11 52 7 15 3 23 89 77 78 33 76 31 22 46 65 7 21 34 87 87 11 58 33 6 12 16 25 49 69 80 7 31 31 66 97 85 40 85 13 69 18 88 99 91 86 63 97 6 48 36 93 10 45 77 16 9 93 40 57 61 19 15 91 1 80 39 37 71 23 49 39 92 88 89 82 73 3 31 31 50 18 75 60 62 51 75 70 43 66 26 55 36 41 97 88 72 35 24 95 58 24 85 1 11 
74 83 36 76 65 66 26 82 40 37 43 90 63 65 85 80 90 39 15 82 36 2 54 70 77 48 79 100 84 80 62 0 57 14 97 33 78 62 10 59 1 98 53 43 12 17 27 91 7 17 5 88 52 58 93 74 34 92 4 85 76 83 46 32 96 43 16 25 56 77 83 57 26 36 51 37 4 29 27 10 45 83 50 49 40 94 74 25 86 77 9 61 12 7 44 59 49 12 84 4 40 18 12 66 53 14 54 57 94 81 18 39 15 19 39 55 13 12 31 98 40 92 10 51 98 5 10 98 16 45 53 8 62 17 25 67 82 78 75 76 10 92 66 25 63 4 31 75 67 61 24 58 52 33 9 1 37 70 50 5 14 55 64 27 71 88 93 4 65 67 79 75 11 44 99 73 99 29 47 17 
41 70 75 45 54 35 97 42 56 47 98 69 1 61 95 23 48 40 26 13 6 57 39 16 100 89 88 51 69 86 67 9 0 7 93 5 12 27 2 54 82 100 3 2 52 64 49 74 11 88 51 75 93 7 65 61 59 53 100 61 21 38 27 30 44 72 86 56 50 87 61 84 86 63 85 37 78 85 62 41 24 65 67 69 23 32 29 81 84 28 93 5 65 72 86 61 43 71 68 92 10 80 75 47 94 12 84 72 48 97 64 72 13 30 40 36 61 20 68 97 99 61 1 16 32 38 76 26 60 95 17 21 74 44 68 19 7 3 90 6 99 53 29 12 35 68 47 95 39 66 91 38 26 43 53 9 32 80 34 44 26 3 64 99 46 31 69 4 33 59 9 84 63 38 95 97 57 93 44 48 
10 86 85 36 29 89 96 12 20 30 55 45 32 19 95 29 1 63 84 86 73 44 69 88 33 15 84 42 59 79 89 68 65 0 25 55 45 65 51 56 84 32 11 80 15 81 26 95 33 40 78 18 13 73 86 100 6 100 35 99 58 14 87 78 30 63 32 74 27 82 29 62 65 91 41 79 23 66 73 56 57 2 73 69 75 11 20 32 62 7 30 72 72 16 49 1 78 80 74 4 14 54 65 78 45 57 9 67 74 33 74 30 35 47 51 9 9 70 40 70 76 69 41 47 36 89 47 65 21 72 20 86 26 36 15 22 92 23 40 17 56 14 46 42 60 96 50 68 18 41 89 93 61 30 92 96 70 90 60 42 14 79 27 39 66 42 12 57 16 51 73 23 64 70 64 75 18 65 94 35 
5 83 79 65 64 22 12 85 12 23 27 25 53 53 15 18 46 78 74 14 28 98 88 44 20 52 18 37 68 64 23 73 98 53 0 89 61 75 53 45 38 75 23 14 28 28 28 45 25 5 71 38 84 20 26 27 39 29 97 27 96 12 49 20 9 54 9 21 28 13 65 65 87 40 78 14 67 57 11 91 13 33 81 48 52 58 27 43 38 23 69 33 34 70 5 94 23 65 14 50 77 30 66 63 69 95 29 87 3 39 78 67 71 10 14 74 19 40 16 56 14 37 40 99 6 44 92 28 8 57 29 36 87 46 99 7 92 79 94 94 17 23 12 39 32 25 64 50 17 80 57 82 68 96 33 73 40 76 52 99 33 32 35 19 29 85 25 20 63 70 65 31 92 76 21 23 52 84 24 20 
15 80 2 82 76 34 6 67 61 57 17 93 40 51 63 68 35 40 39 49 9 3 79 1 30 99 75 34 35 51 5 49 82 58 83 0 9 43 88 75 4 45 44 96 36 94 59 4 81 98 42 29 58 97 60 58 78 58 85 11 92 35 16 93 68 73 75 77 16 62 3 19 58 46 66 94 92 24 49 72 73 90 52 31 38 63 40 16 21 24 78 64 10 93 8 30 18 82 6 85 96 8 55 53 6 20 98 97 96 46 20 68 88 71 50 25 86 90 40 6 65 18 21 27 62 29 56 31 62 13 67 57 72 21 62 77 93 11 73 88 57 44 7 96 67 57 20 52 98 12 9 14 29 29 92 42 9 99 73 23 63 39 31 35 12 44 63 4 55 88 43 63 31 49 58 97 57 29 48 6 
40 56 72 20 37 63 62 45 14 86 19 76 76 50 10 39 93 73 42 99 60 84 61 90 85 70 39 93 99 86 99 38 94 70 58 30 0 84 71 26 97 56 45 73 83 94 34 22 38 6 15 89 17 51 49 59 35 71 97 79 69 34 29 6 27 98 15 56 34 85 82 30 92 26 54 27 71 88 48 60 45 62 48 14 64 49 72 50 19 20 29 39 53 57 96 80 7 11 35 40 47 68 21 39 93 27 65 15 66 64 27 10 77 26 75 41 74 46 90 44 17 70 82 70 27 78 49 33 40 35 24 86 3 44 76 47 70 92 14 35 55 40 97 32 65 23 24 91 69 65 86 37 35 20 6 61 49 6 45 88 41 68 73 43 63 49 89 85 40 54 71 47 93 19 30 10 42 53 52 62 
69 37 98 3 8 56 15 56 61 11 43 1 30 68 95 93 16 36 29 7 89 51 5 34 70 34 43 63 38 46 24 7 82 73 61 42 28 0 76 97 41 38 40 41 68 7 88 12 74 23 40 32 63 42 37 96 63 22 38 25 60 83 100 18 17 25 78 58 4 5 6 44 43 97 37 62 3 24 73 28 98 64 12 60 5 48 56 68 21 93 44 80 28 96 97 96 20 27 5 23 83 10 19 77 7 55 38 61 78 10 41 75 25 52 86 30 51 41 49 71 86 44 51 13 39 99 60 10 77 64 33 60 25 51 36 31 57 26 44 34 35 84 60 12 87 45 41 37 38 41 7 23 36 9 87 75 60 46 36 88 61 20 99 85 22 87 68 78 12 63 63 98 46 22 9 84 19 1 20 56 
93 78 78 29 39 16 55 50 61 90 89 73 10 88 57 31 74 76 9 85 38 23 82 35 45 43 18 15 43 89 22 36 19 51 16 9 66 70 0 58 78 11 46 50 20 85 6 3 58 82 63 94 71 85 28 6 81 70 23 95 64 64 16 51 82 66 66 90 83 87 99 60 98 96 9 69 81 67 71 90 100 85 84 70 70 11 75 2 80 50 97 43 13 64 46 46 82 11 87 64 50 37 24 47 32 84 67 64 50 90 54 49 74 89 19 95 99 45 97 30 94 93 24 58 8 69 3 89 32 41 5 81 77 80 79 61 63 45 24 65 34 29 13 8 69 83 54 67 80 50 48 25 94 72 83 2 40 37 42 23 78 98 3 54 77 33 66 92 78 90 56 11 70 20 70 91 55 24 57 34 
25 57 58 19 28 92 72 19 29 65 42 58 63 96 63 91 29 29 82 58 70 89 20 39 61 42 81 15 65 38 100 41 94 9 59 73 1 82 91 0 81 47 84 38 9 32 100 99 12 28 33 69 49 21 88 88 33 29 20 47 45 57 98 86 2 7 96 26 59 78 69 39 24 4 28 84 35 79 34 46 59 66 14 7 39 54 46 71 82 66 70 27 74 67 64 28 25 59 53 83 36 73 73 11 77 100 94 11 31 28 9 41 45 74 47 35 27 45 58 61 10 79 87 35 45 2 14 70 60 67 4 48 91 77 10 67 28 4 30 10 83 90 50 79 63 49 66 42 93 23 2 54 1 40 88 97 41 2 18 52 20 22 51 10 50 61 29 29 16 58 39 50 47 88 28 61 36 45 2 80 
19 3 33 19 94 73 68 34 26 37 38 45 10 88 6 59 48 34 40 15 43 78 64 41 17 44 2 53 88 3 84 7 58 17 77 51 89 96 37 14 0 33 74 10 42 61 67 53 61 53 92 75 95 21 39 88 37 34 89 41 21 43 25 79 100 41 56 51 81 51 39 46 35 12 55 29 72 73 81 84 25 24 59 72 44 49 59 80 82 99 21 54 41 45 33 41 37 88 43 17 90 81 62 77 44 68 5 15 40 37 51 17 60 9 88 3 9 98 34 90 96 6 43 36 50 27 28 38 66 70 6 8 2 19 84 45 86 40 12 78 76 62 94 87 22 33 89 30 30 74 71 77 80 65 12 81 92 40 19 57 61 76 64 15 95 99 11 32 38 22 9 65 35 54 51 8 38 91 89 19 
65 11 95 96 76 7 76 19 98 46 27 10 22 43 24 68 93 87 99 31 60 60 95 95 65 98 54 3 88 95 21 52 5 68 47 32 74 75 2 23 72 0 29 32 93 23 8 12 15 94 11 97 53 22 44 99 86 41 5 40 28 99 61 32 3 28 78 35 53 4 36 75 76 16 58 20 38 17 32 5 10 94 1 15 15 44 65 52 84 69 92 12 19 4 43 22 83 72 8 35 28 95 61 3 63 70 74 52 87 57 56 48 50 9 14 16 4 31 20 88 51 11 51 70 66 45 43 48 68 2 82 47 48 94 49 10 15 75 14 1 31 21 1 33 29 14 100 33 96 19 72 47 81 74 16 46 70 10 93 37 11 26 84 58 71 84 20 86 58 33 38 41 53 38 25 34 4 24 66 99 
95 89 97 75 62 12 73 31 73 65 19 35 43 54 45 13 38 64 98 47 48 36 39 52 25 63 85 28 87 2 79 81 90 75 7 3 39 79 85 11 96 4 0 46 38 57 42 2 46 5 52 45 4 39 35 55 63 98 40 43 36 93 73 16 83 99 74 37 37 53 22 100 100 77 97 37 85 38 90 83 94 41 79 97 31 13 51 46 10 42 40 45 35 12 12 69 10 38 5 99 90 78 98 41 54 46 77 91 83 18 73 76 11 51 24 41 15 74 86 25 68 25 21 2 88 85 70 98 22 26 96 63 4 45 3 9 90 31 51 24 48 75 99 58 77 22 51 92 47 36 16 14 13 88 67 100 72 88 97 45 14 44 59 69 40 61 29 29 43 80 52 43 54 2 52 83 75 2 74 74 
38 89 39 2 28 6 1 52 93 50 48 58 45 7 26 85 19 7 65 62 38 17 56 43 70 7 25 45 9 98 70 98 38 8 99 66 13 51 69 58 100 16 15 0 45 22 93 81 93 99 45 6 36 13 61 30 83 67 55 79 27 52 48 76 90 55 74 7 20 77 27 77 76 42 91 72 16 83 4 8 33 49 13 20 13 25 50 95 43 4 25 70 7 72 97 48 79 23 54 98 99 32 26 26 74 16 98 89 51 53 48 35 1 12 55 14 36 4 60 78 59 85 99 65 8 96 13 38 18 18 35 68 50 12 93 75 80 90 15 30 43 62 16 95 25 70 60 60 25 20 89 83 56 40 100 15 87 12 53 56 81 39 23 30 51 15 4 30 57 70 11 51 31 26 45 7 48 57 18 72 
28 7 7 83 98 6 49 36 69 1 91 49 92 13 31 42 79 34 23 35 56 85 85 86 62 82 93 9 38 10 33 65 68 91 99 17 96 99 52 64 52 94 64 43 0 6 94 36 37 80 58 71 35 94 8 72 55 89 16 64 78 78 48 94 97 38 44 14 33 42 17 48 93 11 63 35 68 57 70 4 88 79 27 22 72 34 45 27 74 61 42 51 38 89 96 86 26 39 99 10 80 68 9 25 30 71 59 97 79 81 53 66 11 31 39 35 64 36 13 89 96 6 91 85 94 86 70 71 24 21 32 55 88 92 79 17 14 90 65 93 22 69 10 32 99 1 18 14 36 30 54 83 35 44 67 80 29 88 2 4 8 85 11 47 76 89 15 90 30 32 34 51 100 95 35 51 47 52 64 82 
34 18 16 20 13 82 100 94 70 53 49 29 38 59 76 13 100 90 54 29 21 39 32 73 34 66 23 80 69 38 14 54 7 29 74 20 63 25 65 84 77 13 12 66 72 0 39 31 23 29 84 51 1 23 34 25 8 51 99 39 72 37 52 25 95 33 98 66 95 74 30 78 51 43 41 68 66 80 98 88 60 82 90 12 56 76 37 15 26 35 53 97 23 5 74 18 89 23 83 83 97 65 12 99 7 4 66 24 83 64 63 42 97 4 54 52 79 42 66 57 76 70 5 99 74 78 16 14 53 50 48 49 14 59 47 72 63 12 47 97 27 9 91 23 65 44 26 95 85 43 3 12 13 8 10 86 37 77 52 89 27 99 89 92 10 87 64 24 51 10 20 77 71 10 100 35 5 77 81 41 
20 84 53 32 43 62 69 31 91 20 72 69 19 60 60 28 47 23 51 97 85 22 73 55 32 24 41 36 1 73 77 20 8 81 3 50 94 71 81 84 91 4 52 61 63 64 0 88 61 38 90 57 22 11 82 28 94 57 20 82 9 93 10 80 100 90 82 2 83 53 34 19 95 37 22 55 51 85 94 12 23 83 68 96 45 1 24 91 58 43 72 66 87 33 98 39 22 79 40 56 31 73 74 77 61 48 31 11 32 76 22 6 10 42 2 55 42 25 97 51 19 68 69 6 52 66 96 73 44 35 80 27 59 6 55 19 53 86 29 36 13 51 42 23 92 43 29 85 19 25 36 37 44 56 94 95 21 89 19 16 23 50 94 33 55 49 51 59 86 80 95 98 82 88 20 73 30 48 9 48 
24 96 36 19 51 30 13 23 70 83 39 45 33 32 77 39 80 28 50 65 59 96 63 40 83 34 64 64 34 72 63 57 68 98 76 70 79 40 93 1 75 31 45 7 62 21 97 0 94 100 46 58 58 41 72 97 75 6 60 38 91 84 100 99 3 50 74 72 80 66 64 80 40 46 76 98 60 49 94 53 48 92 62 6 84 34 54 59 91 66 48 33 49 100 31 51 49 57 74 80 22 38 12 13 83 87 10 42 35 55 46 35 46 8 40 82 93 45 40 35 10 87 67 10 86 97 60 86 5 86 18 26 23 29 90 57 67 99 51 54 6 96 88 3 55 79 84 47 23 75 33 85 14 51 94 51 100 6 37 4 91 6 30 65 86 19 21 52 70 23 5 75 71 92 29 25 70 13 24 45 
87 56 29 100 59 22 51 58 27 39 61 69 96 90 33 81 61 6 32 82 28 89 8 98 80 36 75 2 48 98 46 87 5 74 38 63 47 40 20 26 30 81 94 25 22 27 57 34 0 84 89 15 11 77 22 61 8 58 35 9 57 84 6 95 88 31 33 3 78 24 74 55 54 6 48 30 28 26 87 13 9 27 28 72 3 1 32 62 10 18 23 19 1 28 13 88 11 97 42 40 21 16 94 74 21 93 55 100 71 41 13 79 67 92 2 21 44 33 35 54 2 57 24 2 36 36 42 46 33 83 85 53 50 30 78 71 23 32 22 93 25 86 23 43 29 25 16 73 9 50 78 11 6 1 64 93 88 5 39 20 40 75 24 89 5 1 11 79 85 85 71 61 70 45 3 99 21 18 23 82 
67 100 44 24 52 7 17 39 64 7 59 3 81 34 43 85 87 54 15 71 38 85 31 59 82 85 57 2 55 79 83 21 30 26 97 33 85 65 72 48 71 82 50 51 15 92 88 1 97 0 2 23 86 39 5 45 20 90 53 73 44 84 8 16 13 85 64 46 69 28 69 16 98 50 17 1 16 61 40 17 57 41 91 95 31 96 39 2 37 91 27 32 26 34 47 39 18 63 36 87 90 56 54 88 5 71 40 72 83 79 88 91 71 31 85 2 26 75 55 14 66 81 45 91 14 43 81 32 5 68 70 95 23 23 34 79 45 73 51 27 51 90 18 21 20 54 74 97 29 29 10 46 61 6 88 75 49 69 58 5 88 27 51 11 1 84 41 46 8 91 24 10 81 93 83 52 47 56 49 75 
36 10 20 97 16 7 23 16 27 32 20 67 58 23 77 10 58 69 55 66 60 31 27 92 23 9 43 69 65 43 95 52 53 66 100 20 25 74 87 51 5 58 17 14 80 45 24 38 14 30 0 55 25 60 81 68 83 90 10 3 6 5 50 9 9 15 9 80 39 82 66 42 87 23 58 52 3 55 75 92 20 5 46 44 16 26 11 50 67 72 5 72 28 54 81 36 68 41 15 59 74 80 100 12 55 57 64 57 63 38 48 82 94 93 77 62 70 87 11 37 11 67 60 38 20 92 26 40 84 40 98 58 72 97 69 26 5 32 34 68 22 33 1 15 77 78 28 46 16 39 34 26 5 46 16 77 37 41 16 21 32 13 30 55 9 98 32 65 30 65 32 51 49 33 17 25 10 45 23 77 
35 56 3 91 1 70 67 90 62 34 62 45 98 91 100 58 88 31 23 69 48 54 71 96 38 40 73 99 36 95 76 70 2 30 12 3 99 31 44 12 64 57 56 14 47 55 71 86 38 93 7 0 37 99 77 84 36 16 56 87 3 50 62 72 52 91 36 6 41 66 1 52 81 57 59 94 55 66 65 40 3 9 46 91 7 75 74 95 42 82 81 45 31 94 68 34 36 3 91 76 68 91 79 1 47 37 94 1 54 10 93 56 19 90 98 25 64 72 71 58 53 3 2 35 96 21 21 31 24 11 58 43 2 36 95 100 25 89 53 78 98 45 86 16 86 35 93 2 58 15 59 62 18 12 97 13 32 17 44 7 27 1 2 80 89 96 80 65 36 32 94 86 28 79 1 13 66 45 66 23 
60 24 85 77 87 81 41 71 49 84 77 27 37 30 7 25 78 38 41 13 21 34 98 100 65 51 12 30 47 78 52 58 53 36 34 40 68 75 10 68 10 38 47 46 20 5 22 97 42 14 61 14 0 48 11 13 12 13 24 93 59 53 44 17 58 32 2 97 99 28 58 19 38 95 65 35 66 69 9 62 62 22 75 75 21 85 87 32 97 62 24 7 67 20 75 24 51 77 72 1 4 29 19 93 75 35 80 41 3 88 54 16 61 28 90 82 64 76 65 12 90 89 19 56 60 93 79 10 69 2 62 25 30 33 69 56 67 48 48 22 87 2 37 48 81 79 29 97 54 45 8 43 33 26 50 92 19 28 53 39 29 15 15 10 47 84 18 65 83 65 86 70 18 75 17 51 53 97 47 58 
41 54 53 26 32 2 69 50 82 74 40 62 88 7 24 86 42 41 2 24 57 40 93 75 14 9 77 18 57 23 75 50 28 27 27 59 81 95 60 62 20 100 23 59 58 46 44 99 38 98 22 95 37 0 67 69 2 27 97 19 84 19 93 85 46 72 11 5 52 57 64 65 77 15 39 35 24 37 31 22 74 28 96 68 64 62 88 65 88 84 83 23 54 27 7 100 50 17 56 53 74 71 17 50 86 8 84 9 44 14 83 17 93 78 85 56 91 24 72 78 8 6 1 61 85 59 12 34 76 67 87 1 38 55 50 75 62 85 35 57 51 17 74 43 46 10 99 36 85 22 66 92 28 18 5 12 76 68 45 51 35 83 51 24 90 52 50 3 37 84 60 87 53 85 81 98 46 79 34 30 
1 51 74 80 68 78 91 43 45 35 94 31 70 96 6 11 48 55 13 36 91 24 74 43 60 54 40 5 85 25 35 37 75 8 16 94 37 6 37 33 92 82 16 13 77 73 23 76 80 88 63 70 11 36 0 12 71 90 3 75 26 80 61 62 6 20 77 100 56 82 36 89 25 69 56 38 45 28 60 73 7 47 35 76 10 71 39 80 12 94 6 37 25 19 50 30 38 26 29 94 59 16 34 83 36 41 20 33 68 32 5 75 78 91 2 39 13 93 70 76 38 76 12 62 46 13 91 83 38 72 28 96 39 13 31 27 53 2 59 73 33 63 47 63 5 100 1 18 44 71 93 33 98 57 94 43 69 37 77 59 60 57 6 50 69 36 76 74 38 34 46 22 48 44 84 53 95 85 22 39 
7 14 71 4 22 17 98 43 53 26 1 64 82 6 13 51 94 89 24 83 74 21 4 22 64 88 26 58 24 47 48 30 12 19 85 34 87 34 76 91 59 28 54 41 85 18 43 78 6 18 60 32 38 16 53 0 1 3 30 10 78 76 58 59 39 28 43 24 14 28 99 4 86 78 9 26 63 26 20 92 84 37 4 15 26 19 19 78 73 100 88 50 75 45 8 65 72 2 89 37 29 39 40 66 17 100 44 31 25 63 22 60 52 25 26 77 43 44 7 67 43 94 16 69 90 75 86 61 28 74 97 56 12 88 74 80 87 17 10 63 79 84 75 30 60 100 59 55 96 17 21 90 10 89 59 99 63 96 11 91 69 59 98 32 46 71 12 84 87 73 98 18 56 72 99 16 24 9 22 19 
25 42 8 86 30 18 84 93 13 46 35 81 4 84 65 1 7 76 36 45 100 86 14 56 9 13 23 32 21 44 2 98 37 10 83 67 79 19 11 92 64 97 24 20 32 88 72 38 15 8 35 15 45 48 22 53 0 12 96 85 85 91 38 82 27 47 16 45 26 34 55 69 50 3 44 21 35 84 92 24 98 51 58 64 95 58 37 48 69 84 84 53 74 21 34 53 20 2 49 97 35 4 65 36 58 60 56 92 43 48 68 93 98 77 56 93 34 45 92 3 28 75 7 54 47 93 6 66 94 54 14 28 9 78 16 19 38 71 62 32 18 29 24 68 6 80 60 91 24 3 93 3 29 52 56 75 44 61 93 37 67 6 16 27 36 31 45 25 2 7 56 71 87 80 38 92 11 49 83 86 
3 27 88 31 78 96 58 21 8 2 9 74 7 25 53 94 7 97 18 60 55 26 31 42 57 20 85 67 21 19 4 23 46 91 54 75 86 11 48 94 12 56 19 70 32 71 16 91 20 85 50 26 10 32 67 66 52 0 52 84 24 70 87 46 67 30 99 94 67 61 41 12 24 48 83 46 32 5 61 22 24 45 71 50 7 55 68 24 6 19 8 29 41 46 26 59 75 77 52 94 37 92 5 13 92 87 58 23 92 70 44 67 66 66 68 72 20 36 96 77 6 55 57 98 100 83 57 27 59 8 20 47 52 76 11 43 63 68 65 6 89 8 24 55 25 92 26 45 27 73 73 84 27 30 82 79 64 38 5 22 97 24 20 48 99 31 90 13 50 54 70 39 13 94 45 38 37 22 34 15 
95 6 98 73 87 79 3 50 68 7 71 65 82 43 64 33 73 54 97 74 59 67 12 24 12 8 13 100 30 98 14 76 3 63 48 90 94 51 39 61 9 62 77 91 4 41 75 28 46 71 1 4 89 65 79 52 72 91 0 3 1 88 16 76 43 31 76 84 24 78 22 36 38 35 65 28 90 5 54 17 2 77 70 57 17 34 36 69 57 78 23 10 18 91 37 60 21 12 43 96 41 16 31 79 51 47 58 40 3 12 9 4 88 78 61 56 63 48 76 71 25 99 80 42 89 17 53 9 28 95 4 21 63 86 99 13 33 56 4 87 19 64 91 58 93 3 14 55 50 89 26 26 87 57 68 75 73 72 35 53 67 90 73 29 76 23 93 60 78 48 46 97 12 88 54 4 90 19 11 91 
8 88 17 46 44 36 21 17 7 7 21 25 97 45 5 72 67 97 83 44 97 80 92 8 68 98 11 9 16 73 100 23 60 16 21 4 3 41 72 61 47 44 86 43 88 42 66 54 39 100 49 35 80 41 94 47 38 56 55 0 5 29 6 80 88 73 100 43 75 40 14 88 38 57 73 33 96 66 50 49 56 50 98 42 81 90 35 27 79 91 33 83 19 91 62 58 63 61 1 90 52 14 77 42 23 1 26 70 66 75 19 74 76 68 15 56 57 50 34 87 92 19 69 10 9 31 19 23 43 19 12 47 85 40 88 59 92 13 28 10 39 98 83 15 65 97 70 73 98 4 59 89 22 80 50 82 10 69 4 4 87 68 50 71 7 89 29 51 53 9 60 92 6 42 6 23 90 27 95 88 
30 6 76 3 85 78 84 46 46 88 1 32 55 3 55 13 91 35 63 96 43 22 87 1 15 44 23 5 70 69 44 52 26 19 54 10 96 38 7 93 77 60 77 31 62 83 95 4 17 58 99 12 31 37 64 46 80 86 2 2 0 6 45 53 32 15 58 93 63 47 100 55 23 59 31 5 72 13 100 75 82 57 74 45 39 10 8 84 42 93 85 95 50 81 99 81 96 56 74 58 3 25 12 77 35 95 82 6 59 33 80 92 89 5 36 79 67 43 63 60 87 99 54 37 80 52 69 75 59 42 84 13 18 47 90 52 41 23 9 52 55 89 43 95 45 31 73 11 25 35 70 64 86 75 52 65 78 20 91 37 14 74 49 31 20 90 83 13 12 91 64 66 31 58 60 76 40 33 38 65 
19 60 28 4 34 79 20 12 50 10 100 63 83 48 94 3 90 28 67 1 70 82 19 53 91 78 80 31 62 17 95 33 76 74 36 62 4 56 25 53 65 24 16 100 23 9 54 12 88 20 65 57 1 83 61 91 60 40 21 74 57 0 67 6 84 92 93 97 95 48 21 48 65 44 63 64 19 23 17 30 62 88 94 70 88 28 31 30 88 70 3 13 26 21 18 62 13 10 58 7 10 31 6 74 26 68 89 44 42 57 26 55 44 71 25 83 99 55 64 38 24 18 50 2 39 19 15 51 80 24 9 89 54 15 14 80 34 54 75 28 10 100 82 5 23 6 39 21 12 55 10 36 72 59 89 10 29 55 12 8 78 21 97 32 87 62 63 20 16 89 47 77 89 29 82 63 86 72 83 98 
26 92 85 50 2 25 11 30 79 23 37 56 95 85 39 81 47 53 100 14 42 99 90 82 79 23 44 16 95 26 13 72 69 49 21 22 73 32 51 3 6 39 59 52 24 49 32 22 2 83 35 43 33 76 24 11 99 67 27 93 44 91 0 16 64 92 37 85 16 20 35 19 77 25 29 28 100 77 11 73 30 93 7 72 78 35 47 88 33 65 66 25 60 57 92 23 48 28 7 63 99 93 33 27 18 61 54 69 90 16 42 19 61 100 43 38 34 89 25 66 6 43 42 65 51 34 88 98 13 46 12 64 39 97 90 8 57 96 76 98 11 69 17 71 69 59 8 2 99 85 20 4 27 61 21 77 46 8 26 59 53 89 22 43 85 11 2 94 6 30 91 69 98 7 39 66 17 99 20 68 
83 39 23 61 99 43 89 45 2 66 55 7 54 76 49 91 38 3 84 96 32 74 64 29 33 54 47 1 52 66 68 86 4 43 46 54 85 86 98 39 51 4 45 57 79 45 47 69 47 30 16 30 55 79 59 39 84 5 40 36 70 59 73 0 25 1 71 78 38 56 28 28 59 31 72 15 62 68 61 30 15 42 45 44 48 75 54 87 58 10 78 45 31 36 70 55 89 40 33 78 47 60 5 5 42 28 19 3 95 79 84 61 72 80 5 20 54 10 6 64 20 35 60 50 70 29 57 10 20 89 39 67 100 43 71 41 70 42 96 65 72 79 77 44 59 33 63 64 43 20 79 14 6 91 15 75 71 71 37 91 11 75 9 10 70 31 3 91 72 50 55 44 28 84 39 38 16 53 54 58 
24 32 71 29 22 38 55 93 8 43 35 19 18 43 80 39 73 34 29 97 83 36 92 63 19 82 100 34 34 53 92 9 37 14 37 58 51 91 2 11 34 36 81 3 30 60 41 55 46 69 51 28 56 94 90 74 75 42 8 60 46 51 68 82 0 16 4 40 67 46 93 29 31 81 9 85 10 20 77 64 65 98 66 93 53 11 34 27 37 27 34 96 73 84 63 54 99 18 45 17 16 38 97 98 18 5 83 79 25 59 95 41 56 12 85 9 23 19 35 59 97 20 7 69 55 69 75 53 39 19 22 54 8 18 51 77 75 85 56 51 44 50 91 51 13 76 11 35 46 45 46 42 16 52 63 70 72 37 75 10 7 96 15 15 65 18 43 91 2 50 41 97 51 32 48 64 59 58 98 4 
55 43 97 70 46 59 92 18 47 66 27 6 13 94 72 77 11 14 68 64 64 60 61 14 91 60 77 49 69 27 4 75 21 53 45 67 63 36 36 10 53 62 15 65 7 86 41 17 51 60 81 14 20 93 80 62 52 8 63 20 34 18 95 7 70 0 91 73 33 78 60 94 30 21 60 46 80 97 86 96 47 98 28 13 69 20 44 82 71 51 96 43 37 14 89 43 35 31 67 19 60 26 12 41 98 23 86 77 19 23 25 18 20 52 82 40 24 25 74 46 27 69 88 63 34 28 57 69 10 75 87 69 100 51 9 50 73 94 26 44 69 2 61 88 6 42 80 29 18 53 74 44 73 14 59 7 93 67 27 3 42 13 23 41 15 32 42 88 77 20 83 45 21 43 85 26 36 16 6 5 
20 80 100 92 45 10 50 37 77 76 91 18 41 14 10 55 45 52 94 73 71 76 70 43 70 54 21 57 21 26 61 40 57 61 83 1 70 33 90 98 8 80 15 100 93 25 7 89 28 100 62 98 28 83 92 49 88 12 6 8 38 18 47 94 30 29 0 47 52 13 36 49 73 15 64 72 60 40 78 48 67 30 61 16 9 43 59 57 30 71 62 37 8 32 35 53 61 16 51 12 28 86 61 100 53 76 24 12 67 1 59 85 82 20 52 90 14 10 47 44 80 60 32 39 91 67 44 4 82 94 15 61 32 27 13 36 54 36 47 20 88 57 4 22 28 55 11 42 17 9 85 96 21 16 87 63 34 30 66 67 75 33 28 58 11 92 93 65 79 39 84 66 48 40 87 75 94 50 16 10 
58 52 58 30 20 44 93 53 25 58 20 51 42 99 9 53 90 1 17 68 92 52 85 39 91 24 65 37 73 81 98 82 84 7 12 3 50 56 56 26 65 75 29 7 25 37 59 66 89 27 33 32 78 69 70 21 92 35 57 16 67 6 98 50 13 61 53 0 14 16 60 40 80 86 20 38 10 56 48 75 96 74 59 28 4 27 49 76 19 35 84 34 1 89 83 3 1 95 7 15 10 66 6 42 51 25 79 12 32 27 86 27 52 44 6 7 22 55 82 40 89 65 26 42 6 60 96 6 55 54 20 16 19 77 57 21 53 88 32 84 66 69 63 17 64 20 76 85 74 9 77 15 26 54 8 31 13 55 36 19 8 8 35 78 84 43 98 89 30 81 72 95 49 86 64 64 6 91 48 31 
99 76 97 24 29 56 54 94 10 42 64 17 49 98 94 84 93 43 72 74 75 96 21 23 81 84 38 38 26 86 69 24 13 65 100 94 73 53 87 82 94 2 51 94 52 96 78 44 39 49 17 13 44 37 88 77 72 25 14 97 62 34 73 75 51 72 68 23 0 76 6 4 22 7 6 15 58 2 92 53 92 93 70 4 88 58 43 64 82 20 30 30 33 63 2 59 13 25 78 35 53 83 91 74 42 96 88 51 97 32 4 40 24 25 96 63 34 38 79 15 9 8 97 42 70 50 100 35 75 78 21 27 12 63 52 53 59 39 56 7 70 11 47 45 35 42 60 20 31 38 35 40 45 83 33 66 32 32 52 58 61 73 84 73 35 87 77 45 26 84 4 47 94 2 44 80 95 3 100 77 
40 86 68 36 68 100 1 99 84 53 57 44 77 92 68 63 79 97 60 56 80 63 54 26 64 49 5 10 51 4 86 42 89 54 77 56 53 30 55 88 34 63 84 62 54 51 24 84 99 83 39 31 97 45 56 60 93 60 21 96 64 7 89 52 60 66 60 64 47 0 66 4 32 28 87 93 33 89 68 17 88 51 7 18 47 51 73 59 96 84 79 91 47 37 79 51 48 96 10 12 94 27 15 25 54 1 69 86 41 37 54 28 39 13 97 85 15 21 95 10 5 26 52 51 62 83 53 10 30 62 73 76 88 39 52 93 91 21 31 31 57 36 59 47 48 7 31 63 28 78 24 32 3 28 34 16 62 87 25 91 100 97 18 40 35 70 32 77 90 14 8 98 50 66 44 49 24 26 63 51 
55 87 82 57 66 16 73 27 54 49 69 53 98 87 92 84 8 76 61 49 41 68 98 42 85 93 91 8 70 53 59 25 91 92 33 56 59 5 34 12 6 55 17 3 93 60 86 100 35 46 100 28 65 97 69 49 89 59 9 58 64 19 34 54 10 67 62 69 71 47 0 32 28 1 48 30 93 8 68 44 94 65 43 21 30 91 90 30 79 100 38 89 63 56 74 69 18 40 30 38 63 28 69 90 29 17 20 73 76 87 17 21 51 11 42 32 2 83 62 32 34 51 72 49 59 46 17 76 85 98 13 47 25 81 89 5 49 60 78 76 98 46 97 100 56 90 32 9 24 45 41 57 95 64 5 53 9 73 80 46 70 44 44 47 77 32 51 25 91 28 53 88 25 49 88 81 38 71 41 61 
15 33 69 61 97 74 66 57 98 97 2 68 41 46 14 17 29 16 93 72 96 45 59 20 93 98 100 82 20 93 94 86 25 15 47 73 40 64 30 37 60 31 56 100 28 21 16 9 37 9 80 32 5 38 51 50 88 3 83 59 95 77 45 71 43 43 44 82 6 73 18 0 17 55 26 17 35 46 84 43 82 44 22 65 49 11 16 98 50 70 32 9 16 60 53 86 2 95 29 83 52 53 53 68 60 78 84 94 75 20 88 57 15 61 73 63 23 88 12 73 9 96 81 24 55 85 10 57 31 90 91 82 43 95 49 54 72 85 99 99 56 86 55 70 98 27 85 20 67 48 92 75 43 24 99 98 60 60 6 90 49 96 23 43 91 24 96 14 8 94 12 15 79 18 84 76 97 20 48 15 
20 39 89 62 15 39 11 74 98 68 16 99 64 38 41 6 61 37 71 20 30 35 86 61 4 22 88 100 41 35 14 12 74 55 74 40 45 36 65 95 4 80 93 19 70 33 76 82 69 46 54 51 32 39 11 36 60 98 35 53 33 1 64 58 7 89 49 51 77 13 45 80 0 45 89 50 66 74 25 99 94 22 52 44 54 43 6 89 54 4 75 58 88 75 22 97 81 62 97 84 38 9 80 69 5 69 18 22 42 94 21 35 16 72 31 69 66 36 9 20 91 83 77 30 58 50 26 90 12 74 25 1 35 5 70 39 25 39 61 18 33 33 52 100 56 34 68 22 70 76 93 60 10 21 90 67 71 67 9 34 41 33 34 75 89 55 65 13 46 77 30 78 9 34 77 65 67 96 38 88 
23 30 48 32 50 89 51 72 7 59 5 47 43 91 73 84 97 90 96 42 66 78 71 27 11 99 91 29 94 28 17 68 9 64 100 58 4 2 30 10 12 86 9 54 28 33 37 25 22 85 18 40 62 89 66 24 87 56 52 33 35 68 100 43 83 51 52 86 52 33 48 63 71 0 8 69 98 40 57 74 14 41 92 53 2 80 18 25 18 25 29 50 59 96 2 53 79 4 56 16 56 89 63 70 11 70 38 8 62 95 82 75 87 25 27 89 56 96 65 73 20 93 75 30 41 28 34 19 31 89 34 38 29 49 8 39 18 97 99 79 91 32 5 78 56 31 18 11 78 34 35 97 79 9 78 71 36 11 89 67 100 74 56 80 22 63 71 92 60 69 22 2 52 27 31 7 9 100 69 87 
86 3 83 16 12 61 86 99 23 26 17 74 99 73 54 73 35 76 16 46 44 37 100 95 63 30 53 24 82 21 10 67 23 44 82 86 56 19 85 79 44 1 52 94 25 57 18 60 32 33 57 27 22 56 73 84 38 25 7 19 97 68 85 20 12 18 57 67 88 41 97 31 94 49 0 76 18 57 94 29 41 78 86 67 99 93 92 35 30 16 93 48 13 61 84 84 24 53 92 90 40 85 87 22 78 87 50 47 43 43 28 35 72 13 54 71 57 45 5 87 60 49 86 24 9 22 59 32 26 51 74 18 35 60 91 64 98 40 62 92 34 89 27 6 53 80 76 10 24 32 48 35 80 33 11 41 6 21 72 84 23 97 1 9 8 91 72 5 83 86 49 16 74 75 21 27 6 96 36 81 
27 83 67 59 67 77 99 25 50 22 8 72 19 60 81 26 2 4 31 84 89 31 100 63 5 20 41 62 68 76 42 46 10 60 4 76 89 2 52 38 24 59 61 94 18 93 19 20 97 1 3 37 31 54 51 87 74 91 48 41 18 41 38 27 53 42 55 41 95 6 30 18 17 90 63 0 34 83 82 5 31 82 60 19 65 13 22 51 38 12 51 78 82 43 16 60 95 9 14 87 3 72 16 73 40 6 35 25 40 68 30 70 50 89 40 66 53 61 68 91 25 18 20 6 13 87 65 7 95 31 46 50 54 61 22 93 66 8 17 57 76 98 78 77 38 18 94 91 78 61 81 2 31 100 59 43 39 76 1 33 58 46 34 63 7 55 55 24 15 23 81 42 73 58 18 10 27 63 100 5 
23 32 58 53 84 69 95 22 96 48 6 53 93 40 15 51 46 21 75 60 95 7 53 67 16 22 77 43 84 28 99 7 60 8 59 95 76 6 16 71 53 73 75 45 12 41 48 10 61 22 21 8 80 74 74 95 95 2 37 79 30 87 37 41 95 47 35 22 52 2 45 4 26 19 1 38 0 12 100 99 72 73 19 79 52 92 5 46 39 6 35 69 35 73 5 27 67 51 61 41 3 14 85 58 40 55 10 29 66 9 27 90 81 45 20 84 89 24 82 27 30 68 47 16 40 51 95 59 1 7 99 55 21 83 65 12 37 26 40 55 87 18 44 19 14 63 3 2 39 84 80 20 51 26 87 42 28 81 100 81 88 98 87 60 32 51 71 21 29 62 75 15 79 70 33 44 32 87 98 70 
22 29 41 24 55 28 66 34 8 65 14 95 15 1 54 46 3 24 18 31 37 92 45 67 61 30 11 45 16 8 66 90 36 7 13 42 34 78 76 41 95 41 36 9 41 41 6 44 17 24 26 53 67 71 20 28 52 82 72 19 41 37 8 76 95 21 70 28 98 97 69 44 37 56 4 30 96 0 62 25 64 85 50 17 51 72 88 30 75 21 53 94 61 42 1 36 36 21 57 64 71 5 84 66 94 39 70 23 86 31 99 50 67 100 18 69 24 5 99 98 77 3 91 37 44 92 24 32 64 81 47 86 85 30 52 78 20 21 52 5 51 2 6 17 2 23 37 77 79 35 74 55 90 65 91 33 8 15 16 23 47 62 9 83 43 60 61 62 32 64 67 34 66 72 2 19 47 38 95 25 
73 20 32 14 36 22 98 43 88 14 18 34 27 78 17 70 89 29 31 20 44 49 53 61 73 54 79 19 43 25 95 67 45 26 80 80 100 78 75 87 91 44 73 69 21 41 38 9 21 21 28 64 21 32 77 93 37 7 63 79 32 10 46 28 87 25 59 86 54 33 25 44 28 97 65 48 89 2 0 8 9 74 35 72 95 18 48 39 54 55 54 85 38 63 30 17 49 6 75 87 60 60 11 55 87 59 19 35 47 73 94 55 46 29 78 40 98 78 79 52 84 32 36 21 46 17 37 94 74 63 32 33 22 42 40 9 100 58 95 98 30 88 52 28 68 30 67 66 59 97 69 42 80 56 14 77 24 2 23 97 64 54 82 86 96 21 46 47 30 40 45 12 79 48 39 47 29 57 64 87 
6 32 80 37 39 93 14 62 46 36 58 10 89 91 47 36 11 44 83 93 35 79 4 13 26 94 11 55 2 74 41 7 57 73 96 95 65 9 8 63 96 18 24 84 8 70 20 71 65 54 63 99 32 18 63 9 11 74 63 12 99 56 71 8 28 66 2 44 26 62 6 21 79 29 56 86 50 27 56 0 14 80 70 64 63 87 27 72 49 100 86 61 50 93 83 57 20 100 11 16 25 72 21 97 50 50 52 87 51 79 95 65 10 16 28 25 3 6 96 51 5 33 63 7 26 97 63 97 96 73 12 72 96 33 68 97 34 72 36 84 50 30 100 11 45 28 35 99 33 82 50 90 15 64 48 92 61 10 88 8 35 52 80 82 36 99 79 69 70 14 4 71 95 4 82 91 83 16 90 67 
98 91 8 64 54 55 55 66 17 94 26 3 97 5 36 32 55 14 52 77 79 56 47 73 11 28 64 93 96 5 11 93 95 71 8 100 25 14 66 93 59 43 47 56 99 83 87 53 48 91 29 27 98 76 51 8 55 66 52 50 70 14 94 16 84 1 16 61 14 33 53 25 75 52 80 73 86 18 77 33 0 8 6 11 5 33 14 64 39 79 15 89 1 29 34 68 12 35 83 72 100 67 77 24 41 80 55 65 65 73 94 97 32 99 60 89 83 73 52 21 3 19 61 55 99 95 23 10 81 57 34 32 24 62 56 16 41 62 33 57 86 26 5 18 76 64 58 58 88 9 30 43 79 91 97 77 37 71 39 17 28 24 48 3 85 55 70 77 17 2 33 2 79 89 71 54 53 80 63 92 
89 45 34 19 35 31 96 71 53 34 39 80 57 86 34 93 41 4 21 9 57 53 62 36 41 33 89 45 64 4 37 4 48 22 23 34 52 18 4 57 3 94 88 11 79 22 3 19 25 23 27 81 27 89 68 19 73 9 16 36 12 52 40 59 73 14 92 77 31 47 33 85 40 20 95 70 93 97 89 69 71 0 67 2 97 7 69 67 31 77 82 19 88 85 58 98 10 71 41 86 53 39 70 37 30 41 31 100 34 79 40 2 1 6 3 49 65 24 15 95 100 49 13 40 33 22 37 42 44 78 79 48 68 48 84 98 41 66 97 26 96 88 79 96 45 34 96 9 57 11 56 56 59 20 95 43 94 84 85 37 13 15 85 80 15 20 29 55 38 77 80 33 64 10 81 9 43 76 69 99 
38 24 7 48 96 53 91 89 36 27 25 100 41 61 80 7 81 60 61 18 37 92 2 100 2 34 60 44 10 29 95 99 4 1 47 99 53 89 87 41 15 64 40 7 76 71 14 8 31 26 77 19 70 79 18 23 12 78 18 73 58 12 72 61 64 70 12 69 58 50 9 24 65 100 30 41 23 95 48 5 73 25 0 23 42 55 92 64 18 69 81 43 78 45 14 91 8 83 2 76 92 3 36 15 68 36 44 60 58 91 59 14 63 83 36 4 89 27 19 7 48 51 1 25 95 14 15 3 48 68 30 39 71 66 53 90 1 48 1 10 38 59 23 52 94 10 7 82 36 25 40 83 76 40 60 70 5 26 24 4 94 54 42 16 19 46 57 71 46 57 32 83 15 6 87 60 15 93 42 50 
18 33 85 45 25 96 66 29 21 42 33 66 95 26 33 65 24 89 87 69 97 18 51 64 23 89 23 37 82 16 38 51 49 74 95 25 69 60 5 90 1 89 55 47 15 40 63 38 28 49 6 77 18 8 40 40 49 14 28 30 30 18 80 30 91 74 54 60 85 58 1 38 99 7 84 65 46 99 2 26 47 59 2 0 17 18 93 8 66 6 88 47 35 5 26 64 95 51 69 6 88 79 58 25 77 65 60 41 10 58 94 87 57 4 88 73 73 80 32 91 38 19 37 72 23 15 88 70 17 56 27 4 86 85 80 62 49 40 2 10 49 47 97 57 50 36 81 75 16 13 65 5 31 53 76 54 67 15 75 84 71 1 39 56 85 19 70 85 10 23 95 58 70 43 67 71 78 47 45 45 
59 61 49 42 14 25 95 32 91 21 67 61 21 6 69 58 76 90 42 85 12 36 94 33 78 60 56 8 7 52 52 17 13 1 58 78 77 4 9 67 24 28 80 45 33 100 54 8 89 95 44 100 83 37 85 12 97 40 19 55 91 71 71 55 23 29 32 99 32 93 17 8 20 96 4 4 95 57 63 83 51 6 35 33 0 42 71 97 90 10 15 44 52 37 15 7 59 95 90 9 78 82 26 85 53 21 88 56 68 44 18 2 47 75 88 31 69 58 27 58 19 94 54 71 30 20 29 89 14 18 49 43 100 74 28 4 47 67 60 14 63 29 15 61 4 55 91 72 12 70 81 31 63 34 53 44 53 81 84 66 50 33 9 1 6 88 5 52 6 64 17 68 44 84 28 47 38 71 70 1 
40 51 83 2 84 35 97 37 67 81 54 17 13 14 17 18 53 21 22 59 84 38 26 80 21 6 26 10 76 96 11 15 98 93 68 33 28 64 21 94 44 75 62 8 40 79 26 93 99 47 3 35 36 80 14 9 85 91 18 60 38 28 26 35 73 45 68 100 9 88 45 4 14 7 12 6 37 89 50 35 87 52 21 22 31 0 34 82 68 25 100 27 62 79 5 49 51 49 68 2 9 7 47 13 73 5 76 30 41 16 79 27 2 82 48 75 64 33 57 31 9 8 10 23 86 14 71 89 14 90 90 23 96 88 35 68 44 62 97 36 77 27 63 30 60 62 56 24 94 64 6 3 71 67 77 9 32 47 49 46 36 38 68 83 78 54 3 21 15 51 9 43 30 71 72 89 84 79 64 29 
43 70 31 13 88 7 73 20 5 21 65 92 11 32 27 88 85 29 60 51 31 68 93 60 90 16 49 73 94 12 2 36 33 84 1 21 43 73 40 99 94 56 43 4 87 69 43 71 49 2 21 79 22 65 39 11 32 39 36 25 2 37 13 87 72 13 59 66 37 50 65 82 5 59 37 91 27 79 13 75 33 85 5 54 49 95 0 64 80 85 51 56 87 87 68 25 11 32 83 76 21 32 92 54 88 50 91 30 28 21 42 54 5 26 59 58 26 5 74 57 90 24 64 76 63 84 52 25 15 34 52 87 17 44 41 56 45 31 85 25 3 78 78 8 55 88 17 80 93 90 88 82 66 51 9 80 34 60 4 1 45 55 87 13 50 79 68 95 61 4 71 64 81 48 23 35 36 39 66 80 
29 53 13 46 55 21 25 89 32 28 41 28 82 79 40 84 58 59 30 18 62 100 33 42 47 55 28 34 94 93 65 74 45 77 71 99 97 95 39 80 74 79 7 7 58 98 90 67 8 19 36 69 18 69 62 17 75 41 2 20 33 67 45 29 43 15 80 92 61 18 71 34 49 30 41 58 79 30 24 87 1 59 7 70 27 21 86 0 54 61 40 73 46 6 18 74 100 84 53 43 45 23 66 78 71 95 70 80 73 52 3 11 52 61 70 21 40 90 59 93 2 98 17 47 55 86 73 6 70 77 49 66 99 14 43 21 60 65 100 84 16 54 95 67 15 64 39 6 5 97 50 6 46 18 5 52 4 77 58 25 53 58 90 4 71 84 76 30 48 76 65 63 81 59 81 47 74 20 52 78 
68 53 36 66 71 40 17 26 16 26 50 20 83 39 23 5 22 51 86 70 78 51 84 58 61 65 5 35 84 8 64 3 61 51 68 83 90 37 8 57 62 57 77 97 95 51 53 68 1 91 89 30 93 73 88 53 37 92 39 72 99 55 74 11 5 94 93 95 30 100 3 43 56 31 91 2 82 96 70 34 86 58 64 78 82 3 82 18 0 94 73 41 44 27 67 55 31 60 47 77 41 99 32 35 54 62 26 8 95 73 29 81 58 38 96 87 20 98 20 37 43 92 30 86 70 96 92 53 7 91 29 47 89 12 33 94 74 58 1 68 30 81 48 39 19 43 77 38 92 97 26 34 88 55 20 58 2 63 10 8 53 90 6 93 2 39 39 27 48 91 94 78 72 94 68 90 88 45 27 80 
93 52 13 80 59 84 89 60 47 50 68 51 92 73 44 93 63 34 19 11 24 64 40 95 9 7 84 97 3 62 76 95 66 88 27 24 24 67 83 70 17 2 72 8 27 67 52 89 100 22 51 24 37 90 70 46 49 6 42 51 67 69 98 32 8 76 7 31 42 42 100 58 95 24 17 21 90 68 62 90 41 12 65 78 2 34 23 50 39 0 16 52 58 84 1 89 91 76 48 22 18 41 73 27 35 96 44 56 38 63 17 27 4 80 43 33 81 76 7 82 15 74 86 72 57 86 12 99 14 11 72 31 51 97 57 86 44 52 93 81 15 61 59 70 40 1 54 73 77 60 6 43 33 91 66 41 29 29 91 94 40 15 24 90 11 32 27 54 84 19 87 50 79 45 71 71 46 24 43 74 
35 48 16 19 91 33 11 71 61 1 64 100 15 39 42 25 70 20 31 5 39 17 6 69 13 28 39 58 51 33 83 37 81 50 55 23 82 65 93 43 18 8 94 32 46 35 9 67 7 91 24 45 59 29 65 71 57 4 81 59 36 63 48 68 13 2 90 46 19 34 88 36 41 34 19 38 68 79 5 26 69 28 70 27 8 35 98 64 90 78 0 75 77 92 22 45 56 75 86 2 93 20 89 80 12 74 51 50 42 29 6 67 98 33 89 76 40 75 73 56 16 2 82 92 46 3 36 1 29 74 2 74 45 43 53 56 16 55 57 9 84 62 28 33 46 68 8 38 42 33 93 57 86 74 48 31 28 36 32 8 9 85 81 53 27 86 60 95 40 69 3 75 30 82 7 76 49 67 13 42 
99 57 50 36 82 50 67 61 37 50 68 97 34 49 1 13 34 60 7 25 28 61 100 10 95 58 37 43 24 49 37 74 57 86 10 38 87 76 50 23 25 17 19 10 65 19 22 50 31 80 75 58 41 26 67 35 83 55 29 7 3 17 32 11 55 41 100 41 68 49 64 44 66 34 54 82 53 27 84 83 7 58 92 99 35 11 85 17 65 13 75 0 20 82 7 82 36 47 82 28 15 30 43 10 47 77 63 29 81 90 12 15 48 21 6 46 55 68 30 23 85 94 98 4 75 4 37 62 2 18 90 16 48 32 26 46 8 40 74 88 81 37 54 28 9 60 25 63 79 54 38 63 48 35 18 74 90 55 36 91 24 25 59 23 8 36 69 16 75 94 55 8 31 9 35 39 20 60 54 50 
65 43 13 64 77 82 38 66 88 25 8 12 1 66 34 8 1 2 75 28 96 82 35 78 90 21 68 61 32 21 10 97 15 74 12 91 8 49 8 95 25 16 58 25 81 92 33 34 45 59 61 92 40 47 69 81 67 37 41 51 9 3 99 24 28 10 66 35 11 74 82 35 41 39 60 73 30 44 6 27 54 18 18 94 64 87 74 83 75 15 33 35 0 69 31 58 96 40 76 31 2 49 12 37 41 50 48 13 32 43 71 10 96 88 27 89 52 65 15 34 91 29 66 26 49 48 83 44 39 10 26 41 58 37 29 50 39 76 63 22 70 33 31 17 20 9 6 23 74 20 56 16 100 73 41 100 20 76 43 11 85 69 51 95 57 79 44 95 6 58 68 75 90 50 43 62 59 48 84 84 
19 92 99 70 16 92 69 88 67 64 98 51 32 48 45 40 78 41 87 83 98 54 9 40 4 51 1 14 51 36 49 21 27 47 91 43 38 11 30 56 26 79 7 9 26 3 49 3 95 35 37 93 40 45 32 43 47 84 8 97 19 56 70 98 55 12 92 44 74 73 100 100 51 6 8 76 60 56 30 55 90 18 99 30 62 82 24 60 65 84 9 35 39 0 78 32 45 89 23 89 14 47 88 13 97 45 21 24 56 76 5 62 18 22 60 99 35 41 74 95 57 57 55 92 48 84 75 92 24 50 32 37 96 19 50 93 63 70 68 19 97 73 80 14 46 92 64 81 84 38 27 41 46 81 84 93 64 58 37 87 7 68 23 3 87 72 47 1 93 14 71 90 38 3 55 84 94 19 16 29 
56 42 69 53 74 4 46 89 62 34 75 68 1 49 22 39 73 68 92 65 34 14 6 23 16 61 58 61 31 73 90 86 66 10 38 39 14 35 27 75 20 53 94 73 54 68 11 78 87 54 42 72 68 100 95 35 12 4 96 42 77 37 79 94 46 68 85 11 3 63 37 74 68 83 46 21 50 9 98 36 62 91 60 81 42 54 16 53 9 63 94 37 51 72 0 31 96 40 15 59 94 29 95 19 96 77 65 16 26 73 65 14 86 8 73 67 49 78 34 2 86 48 47 23 98 19 5 45 10 19 3 55 47 50 73 95 26 89 62 4 61 27 69 47 34 93 65 82 70 50 35 7 97 82 81 46 52 85 90 13 3 45 19 2 94 43 48 71 32 9 26 92 35 46 90 20 38 54 54 59 
55 88 66 51 69 46 96 72 31 38 84 85 34 2 38 79 45 85 49 76 94 27 19 80 72 9 100 10 14 5 68 69 92 33 71 13 31 19 84 61 56 20 97 89 21 35 67 17 71 67 92 16 93 63 48 17 23 99 26 88 3 45 8 94 30 79 58 60 97 42 72 4 61 20 44 33 6 10 50 77 28 93 44 73 55 91 89 29 89 66 17 43 10 24 37 0 91 2 46 50 50 39 73 53 99 93 48 84 98 57 85 26 37 77 22 9 84 12 49 12 53 14 28 95 75 4 83 66 5 29 67 7 67 92 11 18 84 59 53 33 67 37 11 3 65 32 63 48 95 63 12 99 28 39 94 3 42 28 20 99 8 38 57 27 29 67 44 12 25 48 97 44 84 7 46 48 90 61 48 84 
23 59 83 3 97 28 5 91 7 76 41 15 13 97 41 42 15 36 5 40 83 53 83 18 11 80 65 100 92 12 36 67 22 70 69 19 49 25 61 55 100 53 69 64 1 61 57 15 96 14 54 30 66 88 47 29 20 64 80 63 75 15 29 97 36 97 67 36 21 79 43 72 83 63 88 83 24 44 97 71 57 3 1 75 42 47 3 61 10 82 24 37 49 4 85 36 0 1 3 72 73 81 66 97 15 28 84 97 51 79 93 22 88 95 22 14 37 20 16 49 30 49 24 18 97 28 2 85 80 4 8 52 36 73 100 50 100 35 98 51 66 90 24 53 37 97 66 25 16 33 73 97 81 49 14 30 76 67 14 55 22 21 58 57 93 10 58 92 44 55 94 9 97 17 13 33 13 78 9 81 
10 81 77 43 29 43 72 56 9 85 62 31 5 20 39 49 29 49 40 24 3 34 85 51 2 97 35 67 27 43 47 88 76 23 30 56 65 53 12 26 37 73 56 93 44 46 41 24 94 33 48 49 18 84 51 71 80 86 37 58 28 83 98 3 58 27 11 74 32 22 99 68 46 6 13 90 4 5 65 97 89 12 97 58 47 48 29 79 33 65 36 12 100 33 67 57 12 0 77 82 43 98 81 62 95 38 26 36 41 83 1 90 71 64 86 29 11 85 57 89 69 73 76 81 24 9 47 80 72 23 14 66 72 94 27 18 83 5 54 76 87 54 65 57 17 2 37 79 39 45 67 7 18 43 87 93 3 85 73 26 7 86 91 30 31 69 48 65 73 1 40 59 6 56 68 74 10 4 53 48 
1 19 54 70 13 93 62 67 77 86 92 36 23 34 17 5 3 16 70 27 68 61 38 73 69 57 47 30 12 99 77 12 69 82 81 34 26 43 100 55 80 44 90 3 29 58 7 83 74 28 10 41 89 99 66 9 55 12 38 66 62 66 78 82 99 10 15 25 4 67 79 84 62 20 86 90 77 44 73 50 72 34 43 12 32 8 20 86 71 57 3 84 74 80 17 72 42 32 0 96 45 50 26 28 11 45 65 52 22 9 24 23 80 9 17 43 40 76 62 77 46 70 80 81 43 59 98 66 52 81 62 97 30 87 76 92 84 93 95 5 1 71 79 32 79 48 74 19 23 87 95 69 56 74 1 50 85 98 15 36 78 28 84 59 67 60 50 50 4 45 6 4 15 36 87 45 83 60 63 6 
98 10 26 5 83 26 54 19 24 20 7 53 100 90 12 66 1 13 67 4 9 72 59 75 7 45 20 90 56 34 47 53 43 72 57 78 49 62 96 72 34 54 77 85 44 88 50 96 52 68 52 61 39 10 87 97 7 6 38 14 40 84 67 34 7 75 11 56 89 59 79 22 12 55 6 7 94 7 55 46 26 6 58 64 67 44 12 25 50 50 39 41 85 5 74 92 31 37 99 0 19 47 77 92 58 32 49 17 25 7 71 22 32 28 79 47 94 23 59 19 24 60 57 16 44 13 41 87 43 77 85 14 23 62 5 33 45 54 49 21 60 71 43 44 98 21 90 43 95 48 61 18 7 69 85 3 33 26 41 76 54 26 41 29 39 45 61 35 50 61 55 62 31 49 5 28 70 94 70 16 
94 83 86 52 3 70 6 36 95 47 11 49 24 3 77 62 47 89 48 97 49 54 10 31 3 14 58 72 59 79 39 52 13 24 56 16 94 61 51 88 7 13 88 30 15 16 43 61 4 90 9 4 44 70 34 46 83 43 69 42 74 7 45 86 31 100 1 24 61 51 63 19 15 3 49 29 18 91 42 74 33 2 77 28 72 63 25 6 5 93 99 78 51 44 16 33 95 16 8 7 0 19 71 26 85 25 74 14 42 16 7 15 100 8 44 27 79 6 51 85 62 95 83 92 98 78 7 30 25 74 38 31 44 60 56 29 84 29 42 77 97 100 44 96 7 39 23 38 96 25 74 57 20 8 100 17 38 6 98 62 32 35 92 75 46 48 3 81 28 96 10 76 95 53 72 54 43 46 43 38 
70 16 46 41 75 46 9 12 3 7 73 34 93 65 61 91 64 15 71 43 11 32 19 57 36 42 62 78 87 4 67 8 71 13 1 46 10 9 57 12 67 30 98 60 46 10 50 61 24 72 3 86 4 73 95 91 14 56 69 52 60 35 60 30 99 60 27 8 20 84 72 87 65 21 46 10 30 47 22 5 70 24 91 25 97 37 16 62 92 36 14 3 70 73 85 69 84 11 28 3 94 0 99 89 10 71 86 71 100 32 92 57 54 16 99 78 64 35 93 77 26 28 90 81 50 14 65 70 49 27 49 52 73 48 92 82 70 78 53 22 61 44 78 14 11 76 44 26 10 36 3 87 16 44 19 17 58 35 38 6 62 86 9 34 85 1 15 55 30 19 76 42 63 53 56 25 80 99 3 41 
86 5 79 53 48 98 21 57 32 58 15 93 44 23 78 28 75 45 82 4 63 9 98 77 13 53 2 92 3 4 32 40 60 63 45 59 60 65 68 43 75 82 36 18 56 13 97 31 57 79 86 72 39 83 48 52 87 1 43 41 56 27 33 15 89 77 26 100 93 93 42 67 26 77 84 81 42 81 63 50 11 1 73 49 35 21 100 74 21 95 14 77 21 46 43 61 74 20 60 19 12 1 0 85 89 30 21 22 23 53 84 72 15 36 97 63 71 17 15 44 89 9 9 17 81 7 12 41 32 31 52 50 95 52 35 83 81 7 4 3 59 40 27 73 27 23 87 49 91 53 44 79 61 53 48 93 11 59 85 42 89 36 92 35 88 78 18 20 84 73 75 42 64 53 66 91 75 52 39 17 
5 35 47 17 87 94 62 49 4 46 90 93 82 33 79 21 10 96 92 45 21 66 38 36 18 3 26 44 7 17 60 63 51 59 79 89 52 40 37 56 38 78 100 71 63 78 91 24 26 82 69 46 100 6 81 17 61 59 13 67 27 72 29 29 30 59 17 34 51 5 41 88 34 40 10 96 69 52 72 94 85 40 91 84 97 24 53 57 34 65 75 60 88 55 88 18 66 56 3 16 12 43 55 0 97 82 64 45 2 67 16 96 51 7 38 35 3 61 87 12 94 51 86 5 90 93 44 7 58 51 61 25 14 3 79 11 36 94 7 38 60 22 33 10 28 22 96 30 83 34 93 28 36 31 33 26 23 28 84 80 79 45 56 92 47 34 54 35 79 60 72 90 81 56 99 60 77 47 42 11 
80 34 39 16 64 23 41 38 50 24 69 80 68 24 72 67 9 25 1 87 37 24 76 69 79 27 29 7 73 22 70 52 55 8 67 71 82 7 8 31 83 77 11 50 100 34 68 9 10 68 47 46 91 75 67 21 1 95 80 73 16 49 76 22 8 95 92 89 53 52 71 35 28 33 37 79 66 4 39 28 72 38 25 14 12 91 87 12 37 18 36 4 18 63 26 25 57 69 13 62 72 35 96 51 0 68 84 30 33 88 20 12 11 57 37 76 20 27 14 83 64 31 70 67 48 33 44 72 41 65 36 54 36 71 50 87 38 33 68 22 72 39 34 82 48 70 58 67 48 71 2 63 54 71 82 1 55 25 25 48 41 12 1 29 82 2 15 71 87 34 45 58 72 30 40 19 99 49 38 98 
71 39 61 24 9 42 77 16 18 53 63 11 64 15 39 98 17 5 20 3 38 64 60 61 93 51 80 43 51 69 41 74 7 53 49 67 46 77 34 15 29 96 77 45 11 15 42 79 19 61 81 8 77 92 69 21 95 100 64 97 68 56 70 26 60 71 92 5 47 26 71 76 73 48 20 35 14 13 65 33 25 97 92 1 89 60 22 35 59 37 83 78 92 5 3 51 75 47 7 21 24 29 48 48 28 0 19 35 42 31 99 26 56 96 17 8 36 29 29 22 39 65 4 17 8 8 71 10 82 17 68 55 92 97 2 40 24 21 74 17 3 24 42 58 19 59 66 54 87 46 75 25 63 79 93 22 38 64 84 72 32 51 26 24 99 27 63 75 99 88 91 2 11 33 11 82 43 76 35 81 
74 62 57 88 92 50 9 29 65 44 100 96 95 77 19 45 4 33 19 54 72 62 55 83 46 66 64 88 93 50 20 18 63 28 5 54 77 66 35 41 9 86 89 55 63 7 100 66 92 70 19 63 31 26 97 76 91 12 15 35 62 86 53 24 14 9 30 42 74 64 35 35 49 23 89 11 29 40 28 72 10 99 35 92 76 31 68 66 43 34 52 56 20 4 31 33 13 60 74 38 75 60 24 24 82 13 0 86 63 4 66 34 65 16 68 57 91 99 24 8 93 9 59 48 80 15 78 12 27 90 38 16 64 97 40 39 31 4 25 93 7 42 26 72 57 46 80 99 96 55 6 88 63 16 87 43 30 64 6 8 5 95 76 69 44 15 7 74 70 83 18 76 24 43 99 32 88 78 82 35 
32 39 22 47 55 8 89 36 24 46 96 28 41 71 48 36 37 55 61 6 37 78 33 13 20 84 44 60 13 78 94 97 16 68 43 22 27 83 58 2 80 53 82 72 75 29 7 63 83 67 68 72 44 52 84 16 35 79 27 48 56 72 96 24 39 38 45 18 72 2 19 51 6 100 23 32 29 81 94 63 48 61 86 43 65 69 58 99 100 36 98 7 8 93 30 98 82 75 15 5 76 86 56 34 85 30 65 0 65 10 11 80 9 23 65 52 87 86 61 86 85 97 35 91 56 80 73 5 13 47 20 18 22 5 25 7 41 6 24 58 15 34 37 76 56 53 27 43 38 39 80 74 87 14 17 42 45 89 99 58 35 18 27 8 74 51 67 66 56 90 23 22 23 11 97 78 64 75 72 53 
66 51 79 52 17 95 46 61 35 44 70 69 13 96 28 38 46 94 3 53 83 26 27 57 88 75 35 3 50 6 56 67 9 86 18 25 80 15 37 14 10 7 34 22 54 61 11 100 7 14 4 89 91 30 46 78 5 32 81 6 89 88 24 97 73 41 73 4 8 10 69 69 68 54 43 21 66 53 72 72 66 28 13 56 57 10 86 13 41 18 70 81 5 93 30 29 86 2 84 45 63 4 13 30 57 55 3 74 0 8 74 46 25 1 10 81 10 19 18 74 11 35 44 91 91 88 20 19 25 74 54 69 36 57 82 18 65 88 20 38 95 45 35 72 98 96 52 7 14 69 80 76 55 75 19 45 15 90 15 39 63 68 60 51 76 93 68 92 80 39 81 27 35 68 98 32 63 1 38 29 
69 70 4 75 96 22 19 62 12 33 1 26 100 60 76 27 52 95 70 83 85 50 9 20 17 58 51 32 58 41 60 78 10 63 52 57 37 70 19 100 2 71 25 53 82 1 31 85 47 100 67 32 2 28 3 70 85 53 1 43 93 60 72 54 75 24 63 11 45 33 10 47 3 86 51 84 38 34 68 85 33 86 68 34 65 70 56 50 74 56 44 19 68 15 72 42 90 86 4 35 18 65 33 20 50 35 55 88 68 0 74 24 53 12 91 38 76 60 93 25 33 49 20 51 16 87 75 9 76 12 64 62 30 28 46 1 29 81 8 68 100 81 91 52 92 81 90 68 92 82 44 77 82 64 79 49 2 5 9 29 17 72 43 98 51 88 98 32 20 5 99 20 38 42 71 81 74 12 48 66 
94 44 94 27 59 24 28 60 81 36 40 97 60 82 46 10 70 95 93 89 52 92 8 89 33 31 69 6 42 69 23 87 64 68 14 22 44 41 33 24 28 72 20 87 54 17 49 23 11 41 63 62 32 23 50 16 53 71 74 46 91 48 33 54 16 98 27 59 90 59 82 17 82 53 56 35 69 4 9 31 44 24 93 28 46 94 43 98 64 68 43 6 16 27 11 83 24 37 93 65 47 26 82 29 30 89 15 98 92 76 0 28 87 99 72 14 44 66 9 93 81 76 87 87 43 14 97 25 89 86 69 54 32 94 87 12 23 27 27 72 18 54 52 4 52 23 70 47 40 78 91 21 5 77 7 100 42 55 76 83 40 45 88 24 90 26 87 13 52 65 36 69 18 87 24 21 62 93 67 1 
22 57 21 79 34 79 78 27 86 53 9 77 49 96 100 39 21 39 3 24 3 38 44 21 77 68 41 38 12 60 90 86 16 63 64 1 41 93 80 26 97 88 55 46 36 6 36 8 44 38 32 47 75 75 19 3 94 59 40 6 70 82 43 86 44 6 38 36 50 17 14 46 57 68 43 92 73 78 51 17 15 82 63 42 9 33 44 54 43 36 11 13 17 53 50 12 10 87 47 59 4 60 57 60 27 99 3 100 77 53 68 0 43 87 82 84 47 14 80 100 56 67 11 68 35 63 17 46 73 56 92 83 59 4 39 70 30 90 24 81 18 76 48 60 14 29 96 60 94 27 60 50 93 22 69 27 84 38 24 8 45 67 43 55 70 33 24 52 22 47 32 39 74 32 51 88 12 46 99 6 
24 58 7 16 31 27 94 67 16 17 74 60 83 68 14 5 1 89 56 22 87 39 61 61 70 63 100 34 8 98 91 83 8 49 98 38 27 43 4 43 59 30 54 93 97 20 97 97 8 4 19 47 43 31 7 64 93 6 97 52 55 87 34 62 87 83 100 14 25 55 8 35 84 13 79 33 32 28 29 92 31 99 38 73 81 96 37 25 53 33 28 7 72 13 69 10 95 20 23 71 74 82 57 10 95 36 42 26 63 70 69 45 0 21 6 18 1 53 54 78 5 38 5 12 61 18 32 71 64 51 45 87 76 27 43 85 73 30 78 98 44 100 67 89 20 24 58 72 77 11 49 81 100 6 44 13 23 75 35 86 77 31 24 53 9 67 89 81 48 67 31 44 66 97 32 37 72 89 8 100 
51 9 33 2 14 76 66 88 3 100 25 31 31 49 35 39 67 24 72 14 42 2 57 59 50 40 95 21 80 54 21 82 14 5 36 79 80 1 66 34 1 43 65 83 91 99 73 57 74 44 22 15 45 31 25 46 22 19 67 2 25 39 83 38 43 70 17 74 71 34 8 23 76 24 5 18 22 29 26 96 73 100 62 69 30 87 67 51 57 33 4 81 23 39 71 17 8 39 90 78 72 49 100 100 72 56 69 46 85 95 93 9 94 0 54 29 75 92 95 77 49 79 81 29 1 19 51 69 78 89 11 56 13 59 7 64 83 15 32 28 99 26 72 59 71 25 39 45 17 34 22 17 64 54 97 17 24 48 85 1 88 95 8 100 6 15 63 40 81 47 19 31 24 90 89 95 14 27 91 82 
12 64 98 76 17 95 92 92 94 28 93 81 23 100 81 80 66 95 19 46 41 37 76 17 26 16 11 91 95 53 25 6 17 22 33 85 68 24 77 61 52 21 94 26 20 74 5 38 20 75 35 13 11 11 29 88 78 91 78 72 43 2 78 11 76 10 48 95 86 76 8 89 96 1 66 67 26 22 4 97 96 39 9 6 1 89 45 78 79 22 50 74 76 79 36 3 88 83 49 25 10 56 13 5 8 78 24 85 99 79 82 46 69 90 0 3 69 31 47 99 9 21 48 34 48 78 70 50 17 4 50 42 66 58 6 22 65 36 45 2 86 24 83 32 92 24 34 13 54 81 11 15 1 10 48 100 87 69 49 3 25 50 96 90 7 2 11 24 37 56 25 22 31 7 5 22 30 39 86 36 
19 96 50 71 5 97 70 43 18 70 46 42 71 93 31 78 94 93 53 82 100 77 56 30 35 60 4 16 98 89 51 68 37 52 90 93 49 11 36 18 32 33 59 3 25 41 32 71 85 84 52 85 12 7 66 46 67 21 13 16 10 64 84 98 15 73 90 15 36 77 84 67 9 94 69 86 34 52 56 71 35 7 55 46 66 72 43 32 93 56 99 54 71 82 51 37 7 92 4 42 69 87 8 29 81 29 14 66 80 69 88 67 28 94 64 0 93 66 7 76 58 14 74 63 36 8 65 24 14 56 79 55 76 66 14 5 98 94 70 15 74 39 3 92 18 96 55 10 61 13 37 70 78 62 84 13 69 48 89 34 56 67 88 83 84 54 39 81 47 9 48 72 47 50 15 16 45 70 77 58 
82 13 79 12 26 63 76 95 62 64 28 69 83 68 52 66 73 90 99 71 98 46 95 96 47 9 63 91 78 39 100 12 51 31 23 77 93 98 23 6 14 50 75 96 69 78 61 41 19 11 12 69 56 6 16 2 66 79 45 44 17 96 7 20 26 81 48 70 78 70 28 43 71 54 38 92 31 51 32 1 13 95 69 69 52 37 22 18 15 18 13 83 66 19 2 43 99 1 13 28 70 92 71 93 45 60 84 27 62 67 27 75 14 48 95 65 0 84 68 82 98 38 94 80 3 64 34 45 62 34 9 42 56 100 64 100 96 23 35 22 37 1 1 11 66 48 57 31 31 24 64 80 13 10 11 67 73 44 12 87 30 72 80 85 24 43 84 19 65 18 93 53 70 93 63 36 92 71 66 74 
47 81 5 59 90 15 26 15 11 89 53 40 12 32 76 35 74 59 6 90 28 98 43 97 42 57 84 85 80 49 58 26 82 62 36 23 28 61 89 38 1 41 29 13 24 4 47 49 14 4 91 41 53 33 90 94 41 73 78 20 74 87 97 7 48 33 29 76 93 18 65 46 10 46 58 86 49 56 34 15 60 24 7 12 8 96 58 1 21 87 20 94 74 17 100 73 49 80 100 93 49 65 38 59 10 95 44 10 3 29 24 62 53 83 25 12 78 0 34 12 50 21 32 95 46 100 46 18 100 26 18 44 74 34 82 84 95 28 27 56 30 8 32 43 60 14 20 71 43 53 35 93 73 66 87 18 17 33 88 68 58 5 11 83 90 92 67 36 72 45 91 53 52 22 48 63 87 67 86 30 
71 20 22 44 37 60 13 53 92 100 20 1 56 30 36 97 74 2 32 97 98 23 1 2 96 48 64 83 66 49 12 37 20 85 32 56 44 44 8 36 96 79 88 3 61 23 100 86 76 83 82 74 5 82 27 53 82 90 35 47 91 98 83 10 82 14 66 77 10 25 64 57 56 52 59 68 26 10 53 2 93 86 27 49 19 53 1 100 94 87 99 36 84 33 46 17 99 63 94 8 39 9 64 46 60 74 13 86 84 65 39 28 2 65 76 21 69 29 0 20 62 15 70 98 51 3 95 67 1 9 12 60 47 21 75 93 32 48 5 69 83 22 7 62 23 23 38 43 43 66 15 57 32 36 6 82 38 100 1 90 60 64 49 6 36 23 50 68 23 7 88 57 80 47 19 54 21 8 97 64 
25 63 20 56 50 25 90 88 76 42 29 35 5 78 92 93 52 94 12 26 100 99 83 31 45 53 84 66 12 32 81 36 46 100 43 96 76 84 35 51 25 63 37 82 40 28 74 44 21 85 69 72 35 3 2 32 55 38 97 18 69 77 53 15 28 48 10 3 83 44 5 60 6 41 41 98 20 66 41 93 2 9 64 36 12 18 67 18 55 15 36 23 43 40 89 22 39 98 24 22 93 80 33 99 20 73 96 92 90 88 84 91 48 47 78 11 16 45 29 0 22 11 16 45 6 7 33 27 98 83 3 71 75 82 3 73 2 27 20 45 16 59 28 58 7 26 35 17 42 31 97 63 42 12 59 99 71 44 25 68 26 27 90 100 9 92 25 62 18 96 6 85 55 33 42 13 58 28 29 51 
59 26 14 52 89 24 50 11 67 26 78 44 53 19 96 13 10 20 74 79 67 31 15 73 15 8 85 24 36 14 75 94 91 40 97 79 63 98 90 82 23 19 25 75 38 20 87 99 91 12 30 10 94 44 82 8 52 19 32 39 84 58 84 74 97 80 4 11 77 93 44 99 64 69 26 53 40 12 3 31 76 32 40 69 28 73 29 31 91 60 69 74 69 52 99 65 31 3 27 59 47 71 57 10 91 82 14 30 46 17 12 21 100 3 41 27 76 69 57 18 0 80 25 92 48 76 42 64 58 44 91 16 91 13 73 52 55 6 66 84 51 34 48 23 33 50 16 60 77 84 16 95 16 41 38 63 68 79 27 26 23 69 41 65 33 65 16 87 71 81 22 73 14 21 48 47 71 15 58 47 
98 73 93 65 65 30 28 33 61 6 58 35 74 50 99 58 15 14 44 37 47 17 9 12 38 8 10 60 22 67 58 72 40 51 36 56 32 15 88 92 20 97 26 45 99 24 2 13 38 97 1 36 66 61 47 55 69 57 14 42 23 71 13 14 21 1 70 53 15 9 96 87 6 22 31 56 45 85 20 34 33 20 69 98 80 68 52 48 24 65 90 98 88 54 12 8 54 81 12 69 89 8 7 46 29 37 1 25 73 72 11 6 91 31 3 71 98 7 70 73 23 0 59 71 10 65 82 18 18 14 81 38 54 88 44 52 68 33 52 45 5 24 55 10 66 37 65 36 87 23 6 59 45 16 29 55 32 62 24 50 27 4 39 81 44 35 32 11 67 35 55 23 10 61 85 76 98 49 63 84 
71 20 42 67 36 23 21 19 36 96 68 63 100 59 95 43 93 26 5 11 60 12 33 22 72 17 97 69 17 59 4 39 31 98 6 18 20 26 36 7 22 56 21 73 14 15 67 58 40 71 68 52 34 52 73 6 69 21 26 37 31 30 76 61 27 81 78 98 58 14 4 79 69 25 3 34 91 69 91 31 92 10 34 25 61 6 82 81 78 8 18 8 37 45 69 63 25 98 12 82 63 67 13 31 91 15 16 34 36 58 64 79 67 49 55 80 6 37 60 83 96 29 0 90 32 73 10 46 49 60 9 31 22 75 43 5 18 9 20 51 96 78 66 26 96 14 33 75 19 21 87 1 16 67 42 99 40 4 96 88 63 4 70 36 78 64 40 95 25 12 97 72 89 62 98 84 75 30 11 93 
50 97 45 17 63 39 15 54 42 62 94 56 65 63 43 94 79 83 41 3 46 37 26 86 99 23 69 25 4 31 70 5 27 14 21 42 52 87 95 45 48 88 52 64 3 95 58 33 29 98 87 26 86 12 11 84 35 31 9 90 62 78 95 88 43 67 81 47 6 76 43 5 15 47 21 17 93 78 1 21 27 87 98 12 99 8 48 85 38 8 74 99 85 20 39 79 39 19 25 44 46 20 100 61 66 20 29 58 49 30 30 27 16 27 39 14 34 38 98 23 45 24 22 0 81 43 12 59 81 30 36 76 28 55 28 88 72 47 16 29 48 97 10 74 13 36 64 78 21 1 28 43 45 51 16 25 45 27 36 78 9 71 5 36 77 32 75 100 31 42 80 78 39 89 51 3 76 15 32 48 
15 59 90 12 61 58 36 6 84 71 35 44 93 39 31 21 71 5 20 1 47 99 78 85 87 80 39 14 94 70 61 61 29 3 72 41 60 59 98 95 30 32 91 74 23 21 95 93 26 14 45 24 13 74 60 51 53 98 17 99 67 77 59 47 31 82 40 90 40 37 37 21 21 27 95 43 99 89 35 24 2 79 47 66 52 58 17 56 55 33 54 74 61 64 20 92 45 59 33 85 48 69 5 68 47 99 10 46 87 96 21 41 26 20 6 77 77 74 84 84 58 38 57 19 0 1 76 62 98 87 94 34 34 15 38 1 13 89 62 10 27 57 83 67 82 2 25 10 30 50 93 13 8 82 69 78 35 97 39 32 35 84 65 68 98 54 20 63 42 81 72 21 89 6 39 70 7 15 31 89 
65 23 53 72 57 74 49 91 70 87 74 4 70 38 23 20 43 42 34 85 74 57 57 62 63 95 83 21 10 13 9 74 35 14 97 43 87 45 33 56 83 6 11 52 95 85 23 38 26 56 74 51 65 30 12 27 76 94 47 37 58 8 62 92 21 58 87 7 54 19 14 36 77 76 40 71 60 62 60 37 70 33 87 34 14 50 12 42 95 10 78 52 17 92 95 89 49 81 47 3 52 12 90 28 39 29 50 50 43 10 86 12 42 24 97 8 25 60 49 71 69 78 22 38 69 0 69 78 70 1 25 24 52 88 13 31 27 42 81 76 84 42 14 47 83 89 95 42 14 54 90 84 22 68 58 11 36 78 89 5 78 13 80 82 52 93 12 78 34 44 6 69 85 19 15 20 7 61 61 72 
14 51 56 87 70 65 98 57 42 86 14 19 50 93 52 1 85 16 31 70 59 36 90 96 6 56 15 64 16 27 36 29 29 43 16 98 7 65 7 100 50 20 18 51 12 22 3 49 37 33 70 47 20 60 42 77 15 8 41 31 87 28 11 15 70 78 65 28 42 71 27 43 42 96 93 5 17 96 53 5 80 23 52 100 34 45 28 48 5 68 30 91 95 41 57 16 70 73 43 12 95 21 6 88 17 99 93 85 46 45 90 25 19 93 76 52 37 4 52 93 23 81 35 70 73 92 0 85 43 16 80 6 63 52 11 50 20 61 42 5 58 39 46 35 57 38 62 61 26 65 12 19 40 92 53 9 17 96 45 11 64 76 68 26 28 78 75 47 91 69 3 48 7 48 82 63 85 44 75 11 
60 86 81 51 30 85 59 46 81 56 8 96 31 75 21 58 4 47 57 94 15 59 94 21 7 27 36 43 22 10 5 34 48 37 84 77 22 95 22 54 50 29 49 80 55 21 90 58 67 98 4 34 56 97 54 14 75 41 9 97 3 13 82 50 2 65 26 23 59 99 76 8 79 76 40 33 96 81 90 62 78 93 95 85 41 1 99 16 93 59 64 95 71 45 96 24 61 73 46 20 71 73 79 1 48 70 33 43 50 75 5 27 19 51 12 12 3 62 27 96 20 42 42 42 86 90 66 0 46 62 11 17 85 84 48 85 31 17 70 26 19 44 82 97 14 32 8 25 35 21 51 82 40 92 75 34 29 64 99 27 78 61 43 62 96 42 46 79 59 15 4 77 10 85 73 24 68 33 48 54 
5 51 87 45 94 62 30 23 77 28 49 54 40 43 67 88 85 13 66 95 79 21 23 89 57 47 12 24 31 11 30 36 61 16 80 55 29 9 29 6 88 29 11 79 71 78 66 7 90 31 1 20 3 75 8 59 22 71 35 52 82 64 87 42 79 18 48 8 78 76 65 17 4 75 96 27 4 61 85 45 44 38 65 98 12 72 57 33 43 43 37 76 6 75 69 36 93 17 95 70 44 11 39 100 86 34 26 41 46 62 86 41 99 50 39 11 21 47 95 15 89 31 90 46 6 59 33 50 0 27 28 71 70 90 9 69 27 94 46 68 40 8 53 80 6 2 18 16 74 16 63 89 4 93 30 1 50 88 34 99 66 13 22 36 2 30 56 29 24 2 96 15 9 48 94 66 1 64 34 74 
79 96 62 35 40 92 35 42 31 68 92 97 32 13 84 34 95 39 14 18 92 9 32 100 8 77 18 8 92 51 33 71 98 95 5 37 38 39 78 20 59 22 68 90 34 3 75 28 42 88 97 33 48 80 85 55 57 54 14 48 4 47 70 1 93 74 89 82 65 19 53 75 40 21 16 73 23 91 53 16 78 49 1 26 29 37 32 37 90 98 84 93 96 6 45 88 31 85 21 95 3 73 21 94 45 37 67 20 27 71 35 56 19 87 81 99 23 65 35 12 62 71 56 57 76 52 96 6 37 0 16 53 91 40 73 85 85 61 3 4 87 73 90 95 43 29 75 42 51 39 76 15 52 46 22 8 73 26 3 79 14 70 31 4 10 55 40 46 16 42 1 54 66 90 48 9 18 75 2 21 
65 29 87 17 75 8 24 47 85 79 77 98 48 59 54 9 14 93 54 81 87 54 34 4 96 34 64 65 8 65 85 72 94 23 40 20 83 16 18 67 94 95 17 93 53 70 54 18 14 7 98 52 13 84 56 60 17 19 24 76 36 61 99 81 35 39 100 17 54 69 84 99 15 100 91 20 21 44 37 86 3 87 38 67 70 45 78 38 15 53 13 50 13 11 30 48 1 81 16 54 50 51 52 64 2 95 83 22 90 20 8 44 6 97 62 27 41 39 64 55 92 76 57 56 38 86 55 39 67 71 0 44 68 21 48 31 23 94 14 96 35 85 55 79 42 51 40 20 91 31 83 98 22 10 54 77 99 91 84 89 9 54 85 76 26 32 7 100 77 72 96 11 8 50 41 49 53 81 20 43 
11 2 92 84 63 45 12 61 88 95 50 96 100 34 72 78 17 78 77 93 1 24 55 8 74 96 8 26 28 27 20 90 80 64 73 42 60 36 54 47 83 3 43 82 88 14 11 4 43 88 48 43 11 55 2 36 50 61 13 29 39 33 18 18 96 42 11 7 77 64 54 59 67 96 93 6 9 3 62 3 42 61 97 5 15 50 40 16 10 53 44 48 37 13 17 84 54 27 90 83 90 43 41 8 90 85 66 50 40 27 52 33 87 100 37 54 49 29 21 10 33 65 57 69 77 25 4 83 3 45 65 0 45 40 57 4 81 42 69 31 33 95 34 65 34 34 54 39 34 82 59 44 14 75 52 34 52 77 37 86 79 33 50 23 24 6 79 5 99 47 35 83 94 20 48 79 53 1 17 87 
34 75 82 47 2 33 80 5 9 68 90 40 100 39 14 76 96 92 80 47 91 66 29 84 85 28 62 38 80 30 76 13 56 57 59 57 89 90 61 50 57 50 41 9 40 6 84 36 50 63 82 40 28 62 23 12 90 36 1 21 65 76 34 72 84 44 29 25 34 89 26 90 91 18 98 30 23 33 17 72 95 98 11 74 12 85 86 1 72 38 73 36 66 6 60 49 2 88 25 35 28 50 76 18 67 26 48 42 58 16 13 53 66 76 78 77 12 63 29 84 53 1 71 18 59 30 66 60 17 43 94 97 0 92 69 14 11 94 13 52 4 29 16 8 94 43 85 70 55 100 50 90 52 50 60 69 8 42 86 67 10 28 12 6 72 33 20 34 78 84 85 81 12 52 88 57 95 73 78 1 
72 27 90 23 77 49 43 36 90 28 55 100 56 66 5 79 98 76 12 76 60 48 8 23 99 48 80 45 20 57 45 43 36 34 17 12 83 59 99 24 38 53 75 45 19 32 23 68 7 34 95 18 81 3 93 32 50 72 76 21 80 21 15 15 54 83 78 88 93 77 64 30 29 38 27 99 21 49 67 28 35 61 97 67 15 89 98 16 12 74 88 92 46 54 58 51 36 88 91 80 64 54 62 44 43 88 43 64 88 61 43 22 73 91 41 88 80 38 55 43 63 95 34 60 100 44 11 88 31 1 67 46 6 0 28 89 48 67 83 63 55 43 5 28 16 96 68 55 27 6 61 69 20 55 55 80 55 50 42 42 32 42 60 77 47 40 65 46 6 100 9 60 42 65 88 9 12 7 63 90 
12 76 59 84 82 65 63 36 14 4 29 45 97 41 73 95 80 89 40 85 88 100 97 82 17 36 90 28 42 5 18 6 80 28 89 61 44 3 49 9 58 29 53 54 69 77 100 48 65 91 33 53 43 81 34 59 16 75 38 9 79 55 14 58 34 54 71 77 8 19 85 65 47 89 70 16 17 21 15 82 12 47 86 54 79 71 12 46 45 1 55 76 56 20 85 41 74 55 70 81 73 6 98 72 47 19 87 63 40 53 44 51 100 81 56 30 51 19 76 48 19 30 23 26 49 7 19 74 14 88 7 86 93 4 0 9 91 22 47 54 13 100 49 15 51 30 70 80 32 40 55 79 59 36 53 84 85 12 2 10 25 41 16 62 86 19 71 76 93 17 81 57 68 30 72 18 11 93 50 94 
33 4 73 91 92 77 26 28 88 80 37 64 72 53 26 57 23 48 85 67 64 65 24 84 46 47 1 8 39 50 2 23 6 26 65 97 2 91 24 42 22 12 5 93 64 82 2 39 29 38 57 45 2 80 28 100 78 28 59 69 30 60 91 87 37 56 83 39 46 58 32 19 69 88 63 85 70 16 75 98 53 31 42 7 63 69 6 40 49 16 8 30 76 99 16 12 54 50 2 51 7 85 21 27 73 83 63 42 51 37 39 3 20 33 9 82 1 66 73 1 82 33 30 9 31 45 72 36 94 26 38 52 10 10 31 0 34 44 93 75 94 82 66 97 53 98 57 34 50 23 58 51 56 90 32 64 72 77 35 59 22 12 96 74 22 5 4 55 1 48 82 94 81 99 42 33 48 99 18 97 
21 76 99 28 17 31 91 89 7 77 47 80 89 95 53 62 51 8 68 51 56 1 45 88 99 86 21 98 84 38 95 56 65 45 83 82 75 25 70 33 54 68 13 94 62 17 7 13 25 74 63 32 27 59 19 77 97 91 75 80 29 21 88 45 65 22 26 40 99 47 24 52 15 36 45 28 5 3 40 81 76 55 12 54 65 82 31 61 73 57 93 53 77 32 49 41 53 75 32 51 73 56 54 39 43 50 67 99 52 58 79 80 64 42 33 29 24 15 41 48 71 33 52 47 64 100 40 69 26 23 71 51 30 25 89 25 0 74 7 23 26 65 2 5 80 95 89 60 70 4 1 17 26 85 20 25 1 72 64 69 97 38 39 47 68 15 88 92 89 94 66 66 10 19 22 90 14 10 49 83 
65 1 52 91 86 23 15 86 94 30 6 43 67 44 89 86 11 28 29 99 22 47 16 83 65 89 72 30 50 73 65 15 73 68 57 10 90 23 47 84 52 52 26 70 48 66 8 58 94 88 8 67 34 23 49 51 11 73 80 60 45 96 26 69 63 34 31 5 56 77 40 59 29 17 81 76 82 88 33 27 27 40 45 61 14 94 11 76 18 42 87 14 38 13 82 52 98 64 56 54 41 95 12 69 11 92 96 45 31 28 23 58 19 68 70 32 13 80 59 82 73 45 95 62 9 28 14 7 92 21 60 32 68 23 52 30 67 0 47 26 97 26 49 6 44 68 75 27 80 6 85 61 31 29 7 92 90 34 57 96 25 78 7 8 97 29 59 26 95 57 52 44 82 52 1 77 19 76 3 50 
33 39 62 63 20 68 55 9 1 11 4 78 40 62 85 36 90 96 14 37 52 17 80 86 68 80 62 38 7 17 87 40 55 100 54 74 67 8 34 19 71 89 96 62 50 33 50 40 80 63 76 31 31 7 16 98 86 30 87 45 46 73 36 100 72 89 26 90 49 11 60 19 100 8 32 49 40 81 40 19 95 15 1 25 73 69 74 11 98 60 55 95 84 90 46 7 30 71 96 78 82 56 96 33 15 80 81 54 60 21 24 55 87 76 79 12 96 5 22 93 64 76 39 100 17 85 6 46 55 54 24 88 61 71 20 75 50 53 0 80 62 25 3 16 11 30 46 22 26 50 95 70 66 22 9 65 90 93 70 36 99 75 11 87 35 33 58 9 35 10 88 48 34 42 63 97 72 60 70 49 
62 65 18 27 38 78 91 28 70 12 15 69 87 77 7 73 9 16 82 95 78 69 42 63 63 56 59 34 68 81 82 29 97 51 55 34 29 97 13 50 60 27 70 98 3 76 71 64 44 52 10 21 72 4 35 34 59 94 19 26 26 52 6 22 3 60 7 83 8 20 32 68 98 2 17 53 29 87 16 72 90 77 44 62 80 79 47 91 24 66 68 49 17 74 22 71 85 80 53 93 51 85 12 49 86 28 1 14 15 68 38 4 96 81 17 76 11 64 18 34 81 85 34 49 58 7 20 95 39 24 87 89 60 50 89 45 77 41 11 0 43 60 48 99 56 80 15 31 43 30 48 76 10 84 62 11 94 20 30 88 58 5 26 99 65 75 87 61 51 28 71 94 87 70 92 42 2 58 24 44 
88 23 71 49 59 32 59 52 4 40 39 61 45 64 59 61 90 98 21 40 25 44 85 63 13 28 57 14 86 32 9 25 55 80 25 13 63 84 16 66 75 54 79 71 69 89 31 58 86 52 49 10 95 86 25 59 13 81 25 50 12 33 26 18 64 51 82 27 86 97 92 60 2 22 31 22 11 13 31 96 64 80 58 10 65 82 21 29 14 97 31 77 81 56 47 45 58 28 71 95 25 14 55 78 88 37 100 98 49 30 93 65 61 2 26 77 83 98 6 48 94 88 25 75 95 71 71 53 50 41 47 26 6 53 4 93 41 55 42 42 0 84 35 58 45 88 35 73 71 33 78 70 78 17 46 52 12 68 74 16 18 66 62 95 72 67 98 16 7 4 58 100 88 44 57 84 31 92 56 53 
24 86 75 53 2 20 57 65 88 30 80 57 96 94 51 19 12 1 86 18 4 43 70 43 38 26 78 21 69 34 25 44 71 99 97 24 19 53 89 58 82 20 14 29 13 16 47 24 16 33 94 72 27 15 66 17 40 44 37 9 29 61 52 51 60 48 74 78 52 14 87 34 34 100 62 98 67 61 74 35 93 19 6 19 33 23 87 24 66 23 84 46 84 36 96 95 35 70 24 39 35 10 72 20 61 85 70 27 45 43 61 89 13 18 60 45 41 46 20 6 69 4 4 4 91 99 98 77 20 73 15 55 82 38 26 42 75 95 68 19 37 0 81 60 1 98 19 97 90 16 17 48 36 72 51 39 62 49 88 90 69 60 5 75 41 94 100 34 68 95 54 39 83 34 98 84 83 68 80 73 
83 48 20 19 19 70 9 32 18 49 22 38 8 78 12 1 71 12 34 39 58 39 77 40 72 74 75 55 93 7 79 75 54 98 45 25 19 6 56 36 54 29 26 61 6 37 13 77 100 47 67 57 37 43 49 9 68 23 15 60 29 93 86 83 42 83 59 60 88 66 47 41 95 72 53 52 61 66 80 12 64 46 21 100 88 69 60 55 91 74 66 20 18 52 54 11 34 12 70 21 77 69 13 23 92 65 75 4 30 54 16 93 52 36 45 39 56 4 46 46 30 11 65 47 14 18 58 99 81 79 71 58 99 83 80 91 48 6 94 29 12 61 0 74 63 48 18 53 3 73 50 49 2 13 65 49 26 35 58 77 15 88 47 24 87 30 4 77 29 61 22 9 24 35 34 86 82 51 91 37 
76 40 85 77 52 1 77 78 35 34 54 2 74 52 25 60 33 80 88 13 41 61 22 64 95 55 2 29 58 92 65 33 31 1 61 83 1 38 12 88 23 17 89 96 68 13 7 1 93 46 65 85 7 86 100 53 93 1 81 2 44 45 86 75 45 46 9 98 83 20 85 58 36 73 53 55 37 12 7 81 57 72 65 15 9 65 68 1 17 48 54 61 45 39 35 89 37 95 86 71 14 22 28 1 94 33 55 83 96 62 63 52 85 28 67 93 44 86 46 60 33 99 72 29 90 58 70 78 52 7 48 65 29 28 17 74 60 72 56 55 85 19 58 0 69 98 76 13 41 61 58 52 46 9 24 74 50 33 43 27 85 2 26 1 30 53 18 3 12 89 11 18 25 29 28 45 26 3 57 18 
64 67 69 9 75 44 34 76 77 29 2 61 30 27 13 59 32 30 13 95 70 23 13 94 51 40 38 28 94 47 45 57 13 66 17 87 9 3 14 37 31 67 49 60 93 62 70 24 91 82 71 13 5 83 6 7 74 96 87 19 42 83 76 54 48 44 92 9 46 5 45 76 71 94 87 15 7 56 91 49 90 61 61 46 95 19 52 20 14 90 38 7 73 65 12 72 61 3 80 6 59 77 34 81 70 20 47 28 28 37 76 17 49 37 62 95 55 65 14 20 55 52 26 79 68 89 50 28 91 82 34 1 58 19 81 79 90 27 6 69 16 81 85 16 0 69 98 11 23 63 24 94 69 27 71 99 95 59 100 74 1 81 59 1 90 77 33 68 19 12 73 87 79 6 72 94 74 21 4 49 
83 28 42 3 6 65 1 52 75 53 26 76 33 84 28 75 61 61 42 79 24 67 17 2 72 88 95 45 9 99 93 43 78 87 98 35 3 50 87 77 2 12 4 87 95 32 61 7 44 2 37 67 68 54 20 39 93 14 36 53 64 80 96 93 18 45 28 72 94 66 49 96 77 4 82 23 87 42 30 30 95 18 48 15 71 67 53 16 33 40 68 48 72 15 41 89 59 20 61 53 85 61 100 61 64 81 35 3 74 64 32 68 34 32 82 4 50 87 71 82 78 39 82 49 53 22 90 64 41 2 16 25 14 15 37 77 47 71 79 72 87 63 91 20 46 0 73 75 95 11 46 29 40 36 10 41 40 31 30 3 23 31 70 99 44 36 87 72 82 9 3 5 95 17 96 66 62 20 93 8 
30 90 36 21 25 97 61 64 79 90 67 1 72 88 51 67 24 37 91 57 98 45 62 44 13 57 10 74 76 54 33 57 43 69 77 19 17 38 82 96 79 100 96 3 88 99 69 63 87 11 19 84 55 32 28 67 88 89 92 15 42 25 71 84 45 100 2 61 89 35 56 67 35 4 69 74 2 90 36 40 100 6 24 7 38 51 73 77 39 17 44 80 93 14 15 89 65 68 1 53 54 9 72 40 12 92 13 65 81 100 56 33 58 79 39 47 29 63 23 19 31 66 50 23 32 16 63 48 35 64 53 89 72 24 28 35 67 93 51 100 44 6 32 53 85 22 0 99 65 36 22 36 67 39 85 41 22 53 4 70 87 67 22 27 90 97 7 76 63 99 26 62 94 31 45 47 67 66 45 84 
2 18 19 20 9 55 60 30 59 15 51 46 33 24 72 22 20 78 97 35 28 74 96 74 57 41 72 23 58 16 58 59 86 28 30 46 35 90 75 93 4 78 38 89 1 62 10 21 91 59 55 71 32 2 44 88 94 15 63 52 82 20 62 19 100 92 64 34 33 91 26 88 68 16 76 68 77 38 40 19 96 46 89 27 100 32 67 93 98 29 96 32 100 58 50 99 1 66 84 85 56 10 72 23 77 48 42 5 37 34 23 32 31 12 58 30 95 76 75 45 4 70 76 56 79 77 54 31 42 90 15 97 51 87 71 27 86 65 31 22 98 53 53 80 16 62 62 0 63 38 88 7 93 9 82 48 88 10 54 18 52 43 85 48 45 71 71 71 8 35 53 81 84 5 85 15 73 98 76 35 
87 63 41 80 72 74 79 11 35 32 80 86 26 64 86 22 86 56 92 93 42 44 73 77 1 9 91 25 7 67 59 93 81 51 72 52 76 51 14 10 34 94 96 12 57 81 33 43 88 77 87 29 72 12 5 72 20 47 48 26 13 6 19 46 56 42 97 83 44 63 93 30 56 88 93 64 20 25 58 59 53 45 39 25 8 95 48 27 41 96 5 6 53 75 51 61 16 99 43 60 61 35 41 16 74 33 32 45 9 89 3 62 85 93 38 92 87 37 71 80 84 27 85 37 1 35 97 16 85 91 27 46 26 67 13 51 99 44 96 8 33 50 21 17 95 58 61 81 0 46 83 12 30 9 96 66 9 82 14 76 67 4 55 12 81 21 24 32 72 68 79 31 52 80 51 20 74 60 80 7 
5 62 18 34 70 14 51 30 47 64 6 13 20 60 76 100 32 52 83 55 71 61 85 22 93 35 93 66 46 73 72 51 86 90 84 8 55 35 37 53 50 94 18 69 5 93 21 89 96 3 43 66 16 28 39 8 14 84 73 60 56 97 10 93 38 45 100 92 31 89 96 81 34 13 1 39 58 21 27 53 76 21 71 91 48 61 98 14 44 22 73 51 18 34 96 55 78 47 98 9 35 94 41 21 58 93 59 15 66 37 20 41 9 42 31 57 2 80 70 98 1 94 100 19 27 95 73 4 42 71 64 28 16 56 48 73 1 58 88 66 46 59 6 55 100 88 63 53 67 0 84 50 67 77 2 85 55 48 10 58 89 80 74 69 47 81 68 19 81 26 6 46 23 16 3 29 15 90 91 68 
56 74 69 75 2 70 11 56 18 20 66 58 51 91 78 97 71 46 16 4 23 73 49 97 89 4 26 55 93 16 22 1 42 91 75 95 12 85 3 81 5 68 91 55 10 68 4 80 65 71 35 87 43 36 36 83 39 61 38 31 28 11 31 21 53 5 16 65 90 18 97 46 37 87 52 46 55 55 77 71 25 12 10 20 47 45 2 85 5 91 67 32 2 98 53 54 54 20 70 95 89 67 40 25 53 44 22 59 98 98 30 75 61 39 94 59 83 47 95 39 38 62 22 91 11 74 44 16 45 66 11 33 32 2 57 36 45 30 95 95 28 76 69 40 66 62 99 100 60 45 0 38 49 6 59 39 68 85 35 84 29 100 94 62 83 47 70 18 92 100 12 86 79 39 6 18 4 19 68 3 
78 13 92 27 18 51 17 38 35 51 21 15 2 66 76 84 12 98 2 55 97 65 40 75 4 45 44 59 63 12 14 93 24 5 19 93 55 87 30 41 38 2 8 39 19 83 23 31 32 76 37 28 40 29 54 95 25 50 54 40 13 67 32 36 71 2 80 78 88 62 70 77 15 77 16 34 12 90 16 43 65 52 23 4 80 28 99 5 29 4 44 41 70 27 28 92 28 8 21 67 21 91 44 35 67 59 68 30 48 35 73 64 87 47 67 18 26 17 74 55 72 69 95 41 95 23 85 74 30 5 41 50 47 84 36 14 94 56 95 93 90 19 56 28 65 74 98 91 43 71 45 0 14 92 39 7 86 61 91 60 42 95 52 43 42 35 31 7 80 86 53 72 27 72 79 7 88 52 4 78 
94 26 74 60 17 65 66 55 77 56 66 19 2 17 13 95 3 43 53 82 80 6 53 7 77 31 13 16 34 68 94 80 45 19 39 62 83 4 68 60 11 33 30 12 49 94 7 3 37 11 84 68 16 88 74 44 70 38 60 55 5 5 34 50 23 72 63 58 27 82 69 37 14 50 49 14 43 7 16 31 69 51 99 85 90 72 80 59 62 91 65 66 95 99 67 70 22 81 79 49 62 47 37 27 96 37 40 90 95 7 21 64 9 19 100 98 42 79 8 3 70 73 21 16 71 87 37 44 20 15 44 81 13 81 8 60 17 99 50 12 58 70 75 66 88 74 64 81 4 23 84 25 0 95 4 41 17 42 29 13 61 44 56 94 8 36 53 68 53 51 17 16 60 38 90 26 77 15 41 57 
18 63 40 43 10 95 35 78 37 63 90 97 58 46 90 18 81 42 85 85 45 53 100 4 90 41 81 18 55 21 74 25 36 66 19 45 60 53 22 96 67 64 45 77 9 86 94 41 80 30 78 76 82 77 79 23 70 12 40 76 32 65 52 19 30 70 63 42 74 37 89 41 52 85 17 60 71 62 52 50 91 29 77 24 58 7 98 27 18 89 54 50 53 6 20 35 75 83 76 49 71 16 41 22 1 9 33 71 70 84 72 12 13 100 87 22 6 84 100 24 72 53 25 24 58 44 10 85 78 37 85 100 53 25 21 5 85 5 27 6 89 50 17 53 49 3 26 54 86 25 77 9 29 0 1 32 87 45 42 23 22 30 59 22 82 35 94 86 19 51 64 24 91 13 92 95 61 94 20 15 
31 44 91 39 72 44 22 10 88 15 84 61 45 42 34 78 76 80 16 46 30 79 69 20 92 60 14 4 5 33 18 87 28 61 25 51 4 99 13 43 13 96 3 9 90 89 87 17 68 54 63 49 32 31 68 75 43 33 79 47 65 48 34 44 8 10 46 11 8 58 53 73 6 8 81 95 96 19 11 15 24 73 63 56 56 30 82 98 62 12 96 78 60 29 73 67 91 18 30 50 28 82 22 33 41 55 27 36 25 89 2 49 14 64 56 69 45 37 66 58 1 61 87 60 42 59 26 84 29 7 33 56 89 55 88 29 9 66 17 33 54 18 33 67 82 88 35 78 25 52 36 25 65 22 0 36 58 81 13 41 61 20 73 16 60 79 3 40 87 68 56 72 21 26 56 40 59 44 26 36 
20 30 71 96 94 45 31 3 25 43 43 85 14 67 52 73 46 54 13 84 73 20 7 45 45 63 84 3 6 62 39 25 91 61 72 36 5 2 38 81 96 32 17 10 98 68 82 95 73 46 79 45 66 37 90 10 99 25 65 56 86 55 32 76 15 3 63 72 4 100 4 100 83 21 61 33 40 94 27 65 40 57 9 5 94 50 14 92 75 78 48 12 32 31 88 99 34 2 22 37 2 25 88 36 97 48 68 37 94 47 53 33 3 61 37 48 11 2 40 37 32 39 48 15 69 87 13 2 89 34 91 42 11 30 77 7 30 97 95 23 43 47 55 97 8 43 45 70 44 36 58 75 26 5 90 0 46 44 54 100 32 40 90 25 50 71 53 56 100 49 3 22 43 49 28 92 8 70 36 29 
66 23 86 40 48 43 81 93 86 87 92 69 26 33 45 75 4 97 82 55 98 84 77 92 85 56 83 92 78 70 21 43 92 58 34 91 100 15 84 37 53 27 5 78 60 49 4 15 98 37 69 95 21 97 86 57 53 21 48 30 90 20 72 34 78 57 24 77 23 59 14 75 86 70 52 97 71 7 11 68 44 79 14 16 76 51 72 28 71 71 9 13 91 32 46 20 88 21 48 11 80 13 85 65 83 89 13 53 95 23 72 90 1 85 5 76 35 28 55 58 51 63 70 93 46 67 12 34 87 59 44 66 72 80 82 6 68 94 10 15 16 81 4 69 17 61 44 3 40 51 60 90 13 81 82 59 0 47 45 44 34 4 39 51 27 18 33 84 38 78 93 52 46 25 7 14 93 19 9 95 
59 59 7 100 72 87 34 82 86 78 25 19 33 15 21 11 32 5 94 21 83 38 24 28 62 31 93 6 1 1 53 11 60 59 11 83 97 96 16 34 73 92 4 58 6 25 68 37 29 62 10 63 99 33 42 13 63 34 70 16 35 22 26 46 32 88 28 81 83 43 14 8 34 18 65 91 94 32 79 74 45 88 37 96 21 78 60 83 64 29 50 50 51 76 95 34 63 74 14 98 68 80 57 53 97 21 43 42 4 21 15 49 9 51 44 29 81 3 63 44 83 13 93 33 40 39 19 54 64 32 51 31 11 7 83 59 79 77 100 83 97 67 83 57 17 26 37 49 80 100 92 62 64 36 47 55 26 0 65 8 89 48 11 19 59 69 53 69 48 29 21 82 78 87 64 86 55 41 23 4 
72 74 47 33 89 35 31 43 60 47 50 49 95 12 19 5 81 24 25 80 52 45 61 81 83 76 67 38 16 41 93 87 14 91 71 54 25 54 96 37 100 97 37 46 9 7 2 41 30 27 20 34 71 32 14 54 7 32 43 74 72 35 12 37 77 82 90 54 87 37 90 87 34 78 84 42 84 86 82 66 12 53 99 34 84 64 87 42 48 81 15 19 15 26 8 44 59 49 97 46 86 38 84 19 15 67 12 50 4 45 15 15 49 65 49 32 81 87 25 28 68 39 98 34 16 5 77 26 54 25 71 91 62 6 61 28 25 72 78 28 68 44 43 16 61 43 99 41 81 23 68 48 13 65 34 80 70 62 0 5 75 87 28 17 100 33 77 28 57 48 57 85 67 100 79 82 12 21 80 52 
1 54 19 1 66 36 86 45 57 47 49 31 85 28 47 85 13 75 12 21 74 68 5 40 19 35 21 83 7 52 34 60 5 5 12 22 40 97 66 96 43 66 78 28 94 76 64 58 50 27 78 23 94 35 62 64 69 34 46 28 37 32 87 93 36 98 14 27 94 31 22 88 96 51 67 41 26 30 98 75 56 28 49 1 62 62 17 30 95 14 9 83 45 95 75 32 44 40 58 89 70 31 77 17 81 95 10 6 77 59 32 84 86 80 37 47 41 5 29 87 18 37 21 15 32 47 98 27 86 56 16 7 38 92 24 19 38 85 76 14 43 8 50 29 39 86 75 32 90 3 70 59 92 91 73 75 89 23 1 0 75 30 16 33 67 59 8 37 97 92 13 62 35 72 11 63 62 48 89 93 
89 92 15 48 35 57 72 9 45 94 61 71 23 77 4 42 35 63 78 83 55 90 97 89 13 59 3 75 7 91 19 95 34 33 94 68 41 66 28 86 11 89 8 86 65 63 27 51 26 56 86 80 98 82 20 10 92 22 84 98 64 55 45 98 87 38 65 80 55 93 65 18 33 24 3 97 87 81 99 12 36 36 43 33 69 14 43 61 35 78 58 98 32 54 47 71 44 12 50 50 56 66 67 40 89 21 88 75 1 86 38 89 22 80 73 90 93 15 2 79 45 60 29 28 65 27 98 60 90 99 10 45 64 28 36 5 49 23 31 1 9 69 41 82 100 14 23 45 80 25 23 76 36 3 4 52 30 53 12 19 0 4 73 16 19 100 51 23 100 26 54 53 86 22 93 67 21 58 41 65 
38 17 40 13 52 94 68 4 75 21 67 46 24 39 13 42 90 15 65 90 40 70 94 25 91 86 43 63 96 84 80 33 100 71 97 4 64 65 59 91 85 77 36 60 15 100 1 4 14 17 45 54 86 38 30 28 76 73 43 71 8 74 55 7 44 51 62 59 67 72 49 3 48 36 62 62 35 15 18 1 31 14 6 69 4 35 48 31 7 42 53 14 15 7 73 58 9 86 17 76 58 17 78 5 5 92 19 91 6 36 91 88 1 96 8 4 83 56 86 89 97 38 55 64 44 79 21 5 64 89 80 21 6 9 78 62 100 96 52 57 83 95 45 83 42 52 39 24 59 24 13 56 14 19 19 57 97 91 61 60 80 0 92 33 37 53 10 98 4 57 1 61 39 95 5 73 89 56 63 12 
15 87 76 22 100 94 92 8 42 34 21 2 13 64 86 1 16 47 50 72 3 51 32 41 97 36 65 37 43 28 49 57 66 24 30 17 70 73 24 11 7 96 64 19 12 49 72 79 47 21 50 49 23 81 41 72 16 6 8 59 85 56 67 50 32 49 66 1 21 41 11 27 89 75 98 100 75 69 78 22 41 80 22 64 60 15 87 28 20 94 38 56 2 4 5 33 52 22 85 25 62 95 51 50 21 48 1 48 68 31 21 9 10 42 24 21 56 10 48 27 3 85 82 56 41 38 88 92 59 24 68 21 71 19 22 91 18 75 90 86 5 10 46 66 4 69 86 59 78 34 38 32 70 71 88 10 9 27 54 67 3 21 0 39 73 39 13 15 9 87 5 94 43 66 39 60 69 59 45 80 
88 30 17 19 100 39 58 61 47 37 14 66 39 35 4 11 25 68 77 33 6 81 78 48 47 68 59 15 26 4 94 65 85 62 84 36 1 93 97 99 81 10 64 19 96 20 81 73 39 58 57 45 90 87 44 36 54 3 3 32 58 48 96 42 62 31 30 62 24 26 12 4 87 28 75 35 47 7 59 85 64 15 81 6 1 25 41 7 79 95 38 36 43 85 29 4 16 58 17 91 35 80 46 22 7 72 8 5 79 66 90 94 80 22 99 33 46 92 39 76 86 28 11 80 12 92 83 79 1 51 69 36 31 67 9 37 38 16 42 68 81 83 62 12 56 60 44 54 3 34 29 89 61 92 68 73 83 3 51 83 5 72 70 0 87 90 78 76 79 45 69 47 25 3 8 89 58 19 32 11 
22 66 40 62 26 83 29 50 17 83 53 51 40 76 21 26 65 50 1 95 95 69 41 19 71 100 7 81 71 91 91 92 8 82 5 85 16 33 87 32 68 39 83 7 66 55 84 82 4 85 76 98 5 17 69 28 68 27 8 38 69 50 81 76 32 85 61 99 70 99 31 37 37 65 95 2 19 78 83 22 14 10 72 19 26 40 46 46 66 53 83 35 54 64 62 85 48 74 36 69 72 66 57 8 30 51 61 48 81 95 21 94 5 92 12 82 31 9 27 49 13 62 35 67 25 96 3 24 70 38 93 41 3 1 1 84 52 13 31 32 8 4 77 12 95 89 93 78 97 72 26 62 33 60 28 9 7 30 84 76 68 28 69 70 0 29 69 54 80 81 36 63 88 91 39 51 86 79 96 15 
28 19 92 89 51 3 16 59 9 45 94 85 64 22 53 34 50 73 39 81 5 26 43 45 17 33 95 54 12 42 68 91 60 59 79 10 61 46 20 69 90 66 5 54 87 9 39 36 81 29 68 86 54 10 82 70 94 76 23 57 70 42 47 29 100 25 91 60 70 62 81 12 27 85 17 13 94 7 100 26 35 67 63 88 28 44 10 74 72 84 30 41 26 77 21 77 1 63 89 23 25 69 86 3 5 2 68 50 8 19 28 94 86 90 33 65 86 42 38 57 78 68 49 55 96 69 31 48 84 71 70 8 91 7 62 48 8 29 97 67 48 24 12 85 66 45 1 51 86 91 59 15 58 7 69 5 27 52 52 10 22 22 69 65 28 0 31 12 88 11 60 6 10 84 18 46 1 62 47 3 
99 37 61 66 46 19 86 50 45 37 1 7 11 74 27 27 54 9 38 93 20 97 50 81 32 67 27 32 80 25 34 31 13 46 96 10 64 81 59 61 70 11 67 32 37 45 58 42 54 95 34 73 43 35 5 75 2 31 58 33 7 44 15 19 89 62 28 5 95 38 65 16 1 83 47 89 27 56 30 80 2 15 4 44 49 9 70 2 91 28 87 50 71 1 68 59 15 48 63 9 37 79 24 89 61 22 77 40 77 58 19 78 72 75 21 21 35 91 74 77 70 60 26 40 13 46 50 27 45 65 35 81 95 10 22 56 31 98 47 7 56 17 84 79 91 56 51 77 98 25 54 19 84 79 10 96 76 60 74 20 76 8 53 70 17 74 0 77 47 71 23 5 78 92 40 57 82 48 59 59 
97 83 64 16 19 94 25 66 70 36 40 41 11 47 93 33 16 66 9 14 89 84 19 18 75 58 26 8 5 85 18 2 19 81 17 37 27 93 3 96 29 94 36 39 40 81 71 7 98 32 21 86 67 39 56 93 48 81 52 53 17 70 6 36 2 74 24 28 66 78 75 94 71 63 85 63 43 7 69 40 90 89 78 56 79 85 100 27 17 52 31 34 73 88 21 26 61 44 6 78 22 32 72 92 94 8 6 88 14 75 80 4 15 9 11 46 93 11 72 9 14 54 94 38 41 14 15 53 10 20 30 83 52 53 74 97 60 80 85 74 6 16 29 20 24 39 65 16 1 88 76 14 93 22 3 85 35 18 37 96 89 19 78 92 71 4 41 0 83 35 77 8 40 92 36 11 15 74 28 82 
75 67 9 40 60 30 95 44 17 64 33 12 4 51 90 96 73 93 88 55 79 64 62 18 55 97 80 21 23 7 54 49 74 62 40 85 92 34 80 8 49 12 71 53 14 12 100 87 56 87 41 34 50 3 3 56 51 83 28 73 41 81 73 66 94 13 50 37 46 82 96 47 93 67 99 7 78 98 45 34 84 85 67 85 39 70 92 42 4 19 66 44 51 39 10 44 51 11 81 48 92 76 94 85 42 92 43 20 41 87 5 76 23 23 60 14 92 51 55 95 21 20 91 71 10 100 15 60 10 95 8 2 70 53 38 64 97 32 35 37 70 39 13 92 61 24 57 5 75 63 51 47 35 41 18 44 92 32 4 2 78 63 55 99 67 92 62 63 0 23 48 100 92 38 64 35 51 87 44 7 
13 6 57 60 40 50 77 84 41 60 39 94 37 53 48 87 19 91 1 82 13 48 33 56 86 96 43 88 34 86 94 47 91 2 6 83 51 34 66 44 93 56 37 81 8 85 67 26 75 19 59 40 67 91 47 4 38 89 43 72 26 36 18 69 37 75 3 40 8 20 83 52 75 19 32 82 3 50 59 30 69 18 69 87 60 67 90 50 8 32 21 33 19 90 53 55 16 55 94 23 74 28 74 48 47 57 81 1 6 92 30 26 9 50 12 20 17 53 69 76 84 41 8 54 82 13 61 97 19 54 19 93 34 44 92 80 100 25 80 58 16 62 83 76 11 95 95 79 47 16 54 83 56 14 36 38 78 96 34 96 2 5 40 35 100 32 66 52 8 0 45 9 23 58 43 50 69 89 96 99 
88 11 5 70 19 18 57 56 95 5 41 42 58 97 82 44 97 65 9 48 72 5 8 46 15 50 95 35 39 42 33 26 53 37 47 71 6 55 78 52 11 70 94 68 19 75 63 67 39 23 14 62 80 73 7 94 74 53 28 64 94 60 41 98 49 87 20 6 94 97 58 4 19 51 24 37 25 86 3 15 9 68 76 88 92 34 81 65 86 8 29 79 19 69 77 19 8 48 25 53 97 82 56 15 84 79 3 60 17 57 74 77 76 1 64 67 34 96 83 19 55 63 49 25 32 77 44 91 25 20 43 21 1 50 87 84 81 89 95 49 97 68 25 24 68 88 90 1 35 24 71 41 87 19 65 70 48 60 60 72 79 54 92 79 55 30 14 35 18 8 0 83 66 27 7 89 46 46 30 98 
32 53 68 72 39 39 37 60 86 96 19 57 75 24 100 5 79 29 71 65 98 30 100 15 9 58 3 54 4 32 52 87 36 71 59 27 9 95 86 94 42 57 2 68 32 53 25 10 33 47 27 82 76 26 96 36 83 98 90 38 81 93 25 69 63 83 95 24 29 80 69 22 88 71 42 20 75 66 81 8 12 7 89 39 84 85 75 19 34 16 56 67 8 80 35 22 14 29 45 94 60 14 68 48 36 9 19 10 74 99 69 37 58 10 27 93 46 53 11 31 68 67 97 27 98 31 49 64 59 45 57 71 10 76 70 45 84 40 7 9 90 27 45 47 88 24 92 33 76 2 64 44 20 12 22 18 43 22 33 53 67 41 75 76 17 44 73 100 83 31 9 0 73 9 5 71 97 28 62 81 
4 16 96 99 35 8 20 4 50 42 36 54 60 77 29 87 45 24 11 44 7 93 4 31 2 61 53 50 88 15 30 43 30 26 93 16 85 13 20 86 6 7 39 17 83 19 3 27 43 14 23 1 6 78 31 59 38 83 8 78 49 38 20 30 15 65 46 99 77 17 84 34 23 74 50 6 93 4 84 35 69 58 35 75 36 17 85 25 99 93 2 100 82 74 29 48 38 26 98 66 42 81 99 65 6 100 22 98 3 57 84 72 67 18 98 2 86 82 26 85 26 80 36 59 53 64 6 90 90 3 7 83 35 5 99 41 4 20 90 58 29 74 29 95 43 26 48 29 60 25 65 37 4 100 96 8 15 53 97 56 8 55 39 94 59 89 86 14 61 76 72 89 0 1 100 35 43 78 82 23 
89 6 39 25 62 90 20 69 5 73 18 60 32 72 50 25 83 39 11 96 99 86 19 39 86 71 73 80 48 6 55 36 11 93 60 24 83 32 93 39 56 10 98 87 33 100 11 15 90 21 11 88 58 29 78 43 99 50 75 98 55 29 85 17 73 97 41 55 28 33 93 83 94 43 21 26 94 31 93 83 4 3 22 61 83 99 56 34 100 30 83 54 10 68 22 82 64 62 89 43 46 33 77 91 27 97 69 20 79 61 2 82 15 75 43 49 73 98 82 72 79 65 77 88 84 99 21 99 12 9 41 10 94 69 100 20 65 68 92 43 80 45 77 94 20 19 95 44 68 76 16 46 92 44 33 27 94 53 25 6 14 17 15 7 85 66 78 49 34 69 44 65 14 0 72 59 85 90 5 28 
57 80 95 54 24 39 86 2 32 90 27 89 3 43 3 61 28 69 91 28 54 59 23 18 24 94 28 8 35 32 36 43 64 30 96 39 20 33 40 52 23 18 92 77 61 47 90 40 15 80 19 20 90 94 89 14 39 69 73 26 52 8 68 15 90 16 5 9 100 45 12 74 62 4 51 74 50 92 65 16 71 84 87 12 29 75 77 67 95 50 92 47 9 12 13 50 79 18 59 78 14 22 52 27 25 54 53 26 45 17 93 67 52 79 30 80 6 7 99 100 56 90 98 16 53 11 66 31 80 76 61 45 97 64 71 74 69 75 99 65 92 92 31 95 22 12 27 27 18 25 79 25 66 76 41 19 86 58 1 17 33 13 61 29 76 84 2 44 58 53 8 1 96 90 0 48 17 2 74 44 
71 98 22 96 15 97 88 85 35 45 86 3 29 50 64 9 26 99 63 21 8 15 81 61 10 22 8 26 23 81 21 46 30 94 41 96 91 80 81 77 76 18 31 4 67 94 64 44 44 26 17 52 40 97 64 1 18 71 79 93 3 51 38 84 45 30 79 87 9 11 15 36 28 45 91 47 91 54 42 34 80 10 37 71 6 100 24 76 22 2 20 24 4 9 59 48 38 38 34 98 100 48 33 80 93 23 78 83 28 19 68 7 29 5 78 86 56 53 13 78 6 84 1 9 92 60 57 81 49 42 30 100 90 14 79 34 88 56 68 16 27 35 22 7 91 51 44 47 3 57 24 8 92 76 69 84 87 25 16 87 66 46 87 7 59 17 92 47 73 59 62 51 94 35 57 0 36 38 100 82 
40 8 57 100 100 33 68 35 71 44 50 58 61 95 44 68 6 60 59 52 84 18 65 86 63 99 42 98 36 94 32 28 53 88 79 4 20 98 38 91 41 88 100 1 34 95 20 39 6 31 42 42 100 6 27 62 5 21 11 92 14 42 19 18 82 97 22 53 46 59 95 86 98 94 39 84 88 10 74 94 40 16 35 39 21 13 100 77 33 63 21 46 56 39 64 37 88 85 90 33 95 84 71 45 30 61 28 69 70 1 14 10 68 48 48 41 13 100 17 45 14 89 43 69 28 58 58 67 94 99 51 88 82 73 32 63 33 59 32 55 12 45 64 79 45 63 19 57 62 88 1 75 76 95 96 55 52 53 21 45 51 24 33 84 48 16 47 33 27 30 87 38 74 2 68 70 0 64 87 26 
78 74 79 4 1 73 51 56 77 3 28 21 5 3 53 89 51 21 87 83 47 68 21 36 41 22 3 63 37 89 40 66 14 70 70 15 95 72 22 71 75 49 91 31 52 96 19 54 16 57 36 62 24 56 97 17 29 51 79 65 40 70 31 5 40 52 71 34 23 92 4 49 93 46 80 96 41 50 49 8 59 36 69 82 43 17 50 71 68 80 87 59 50 17 15 41 20 86 74 95 77 29 43 69 74 74 64 67 24 64 74 82 99 95 15 41 63 65 11 82 96 98 40 45 66 7 85 38 92 10 32 68 38 74 89 64 100 4 82 75 68 55 56 18 1 22 59 64 38 21 97 34 18 89 78 36 95 15 73 86 24 4 5 14 29 93 29 80 49 10 54 68 16 61 85 17 83 0 43 32 
20 64 28 53 33 16 83 20 62 97 92 47 72 47 52 85 28 96 13 7 96 74 61 63 90 21 48 6 55 42 89 27 57 68 31 90 36 13 61 97 61 5 44 85 51 47 21 30 94 86 37 90 59 49 4 48 21 51 5 28 93 93 54 49 13 84 90 48 49 3 44 61 7 39 45 9 37 66 39 83 51 27 24 61 27 27 9 99 30 65 26 74 10 31 74 22 15 64 69 15 18 64 75 24 55 72 32 91 37 22 25 39 48 48 51 26 75 11 25 4 76 50 77 37 81 2 58 47 17 78 61 34 93 87 57 47 58 41 90 46 62 14 36 62 62 87 87 36 97 11 91 72 13 19 8 45 20 17 91 37 46 3 70 39 89 79 85 99 19 26 44 32 40 80 93 1 66 80 0 88 
62 42 30 86 54 48 45 98 19 14 40 7 59 42 29 97 83 7 34 81 77 59 76 8 50 55 1 50 20 32 89 34 73 18 71 27 17 15 76 88 28 68 94 87 9 22 35 43 80 20 75 56 31 51 64 80 57 16 30 29 47 70 62 19 40 32 97 8 98 25 95 26 92 41 64 52 14 50 47 94 70 21 49 100 23 64 79 80 79 60 8 77 82 21 48 21 4 96 28 1 20 23 78 63 15 93 67 28 43 13 21 64 85 22 15 8 37 93 39 68 5 46 44 86 18 91 6 21 39 85 73 10 59 3 73 73 95 39 1 89 3 73 52 87 94 66 94 31 11 32 98 67 29 93 52 46 36 9 18 74 45 91 83 4 93 7 76 39 45 28 28 47 1 31 34 46 49 79 28 0 
