30
0 86 49 89 34 34 22 61 69 76 33 88 44 48 53 53 81 69 31 83 1 74 34 5 4 33 75 58 38 19 
65 0 10 56 66 50 89 99 71 2 20 98 34 7 93 33 11 45 65 80 28 48 80 1 33 36 4 65 63 14 
55 81 0 78 64 88 43 13 28 94 35 29 13 85 14 71 77 99 33 74 63 12 1 62 43 1 95 79 56 11 
41 69 65 0 73 99 80 60 93 44 87 86 79 68 50 63 33 72 91 31 5 64 46 68 64 7 63 16 53 41 
72 16 33 92 0 80 5 90 12 16 83 55 54 20 85 21 22 99 54 45 90 36 1 5 81 69 69 40 83 36 
92 23 59 59 7 0 51 91 11 92 2 78 26 56 31 98 41 4 71 39 9 15 80 44 68 85 77 88 5 68 
70 40 11 92 99 70 0 98 1 60 60 92 61 89 18 68 19 67 60 74 37 51 82 51 30 78 18 14 6 5 
70 73 26 10 83 17 60 0 52 66 60 63 77 51 23 65 20 43 36 86 2 61 74 52 43 25 34 72 94 99 
29 51 69 1 76 30 35 45 0 89 87 62 48 49 91 50 24 7 70 18 42 7 19 55 81 23 49 57 8 20 
2 6 48 4 26 100 32 55 34 0 28 43 72 89 42 73 79 92 96 86 13 65 79 71 83 33 3 57 81 59 
64 52 13 22 51 16 99 50 99 54 0 36 26 48 7 15 90 79 45 33 26 82 45 42 13 15 25 45 70 33 
78 80 49 81 92 22 32 60 20 33 58 0 73 20 84 73 27 50 62 57 46 94 35 28 90 76 40 56 52 36 
25 37 65 5 85 46 48 6 29 7 77 61 0 17 2 81 52 74 59 1 87 67 98 80 53 77 21 29 16 76 
32 4 53 68 68 57 4 65 4 61 93 63 38 0 6 79 39 38 30 12 48 82 98 14 31 29 67 8 1 47 
23 76 78 78 80 98 46 36 1 62 92 14 55 6 0 51 12 84 41 49 65 4 96 98 1 61 28 81 79 35 
81 25 10 8 55 87 40 52 84 75 4 46 18 17 100 0 23 19 63 58 59 11 22 62 58 19 14 70 47 46 
49 81 26 73 90 86 79 29 25 30 12 51 86 57 21 54 0 8 95 73 70 53 31 32 26 45 41 45 58 11 
43 56 59 75 33 83 17 18 62 45 94 43 8 97 28 65 17 0 82 24 63 6 94 15 88 77 41 32 18 37 
42 28 31 97 38 5 29 20 73 99 81 69 44 76 77 40 55 41 0 8 88 64 71 93 9 37 81 86 29 64 
3 65 57 82 95 5 19 52 86 90 76 84 71 45 79 98 21 19 52 0 61 78 92 76 100 84 85 37 16 22 
65 32 76 82 88 57 28 93 27 79 78 16 55 13 38 51 43 35 71 13 0 39 83 91 30 58 90 65 94 78 
81 15 43 64 90 24 51 98 51 95 24 82 24 40 88 88 77 38 31 64 8 0 43 2 90 85 31 99 75 95 
93 52 27 59 46 90 1 21 93 98 72 39 74 5 63 13 92 50 41 29 32 4 0 88 75 57 29 59 39 27 
85 34 19 89 12 78 86 54 78 7 46 27 78 84 100 34 98 64 25 100 5 5 31 0 60 92 57 17 72 68 
55 98 4 40 69 92 4 46 78 57 75 36 54 53 65 89 53 98 87 16 22 86 72 78 0 68 32 21 77 100 
92 44 54 89 47 46 57 91 49 54 20 57 80 55 10 33 19 98 37 16 36 52 89 73 76 0 66 93 7 86 
69 6 77 12 11 17 10 56 74 100 56 79 19 12 59 25 21 91 95 71 27 10 58 30 50 83 0 5 15 75 
63 52 43 20 80 6 31 97 15 38 70 67 94 48 37 5 58 62 78 48 56 100 26 18 9 8 67 0 91 64 
34 65 27 85 59 46 65 64 28 61 31 66 82 97 59 81 33 63 39 46 92 38 2 91 64 71 100 23 0 37 
42 86 70 7 12 7 17 10 71 81 37 83 63 2 64 59 60 44 43 75 34 89 66 72 42 9 35 12 60 0 
