50
0 86 49 89 34 34 22 61 69 76 33 88 44 48 53 53 81 69 31 83 1 74 34 5 4 33 75 58 38 19 65 10 56 66 50 89 99 71 2 20 98 34 7 93 33 11 45 65 80 28 
48 0 80 1 33 36 4 65 63 14 55 81 78 64 88 43 13 28 94 35 29 13 85 14 71 77 99 33 74 63 12 1 62 43 1 95 79 56 11 41 69 65 73 99 80 60 93 44 87 86 
79 68 0 50 63 33 72 91 31 5 64 46 68 64 7 63 16 53 41 72 16 33 92 80 5 90 12 16 83 55 54 20 85 21 22 99 54 45 90 36 1 5 81 69 69 40 83 36 92 23 
59 59 7 0 51 91 11 92 2 78 26 56 31 98 41 4 71 39 9 15 80 44 68 85 77 88 5 68 70 40 11 92 99 70 98 1 60 60 92 61 89 18 68 19 67 60 74 37 51 82 
51 30 78 18 0 14 6 5 70 73 26 10 83 17 60 52 66 60 63 77 51 23 65 20 43 36 86 2 61 74 52 43 25 34 72 94 99 29 51 69 1 76 30 35 45 89 87 62 48 49 
91 50 24 7 70 0 18 42 7 19 55 81 23 49 57 8 20 2 6 48 4 26 100 32 55 34 28 43 72 89 42 73 79 92 96 86 13 65 79 71 83 33 3 57 81 59 64 52 13 22 
51 16 99 50 99 54 0 36 26 48 7 15 90 79 45 33 26 82 45 42 13 15 25 45 70 33 78 80 49 81 92 22 32 60 20 33 58 73 20 84 73 27 50 62 57 46 94 35 28 90 
76 40 56 52 36 25 37 0 65 5 85 46 48 6 29 7 77 61 17 2 81 52 74 59 1 87 67 98 80 53 77 21 29 16 76 32 4 53 68 68 57 4 65 4 61 93 63 38 6 79 
39 38 30 12 48 82 98 14 0 31 29 67 8 1 47 23 76 78 78 80 98 46 36 1 62 92 14 55 6 51 12 84 41 49 65 4 96 98 1 61 28 81 79 35 81 25 10 8 55 87 
40 52 84 75 4 46 18 17 100 0 23 19 63 58 59 11 22 62 58 19 14 70 47 46 49 81 26 73 90 86 79 29 25 30 12 51 86 57 21 54 8 95 73 70 53 31 32 26 45 41 
45 58 11 43 56 59 75 33 83 17 0 18 62 45 94 43 8 97 28 65 17 82 24 63 6 94 15 88 77 41 32 18 37 42 28 31 97 38 5 29 20 73 99 81 69 44 76 77 40 55 
41 8 88 64 71 93 9 37 81 86 29 0 64 3 65 57 82 95 5 19 52 86 90 76 84 71 45 79 98 21 19 52 61 78 92 76 100 84 85 37 16 22 65 32 76 82 88 57 28 93 
27 79 78 16 55 13 38 51 43 35 71 13 0 39 83 91 30 58 90 65 94 78 81 15 43 64 90 24 51 98 51 95 24 82 24 40 88 88 77 38 31 64 8 43 2 90 85 31 99 75 
95 93 52 27 59 46 90 1 21 93 98 72 39 0 74 5 63 13 92 50 41 29 32 4 88 75 57 29 59 39 27 85 34 19 89 12 78 86 54 78 7 46 27 78 84 100 34 98 64 25 
100 5 5 31 60 92 57 17 72 68 55 98 4 40 0 69 92 4 46 78 57 75 36 54 53 65 89 53 98 87 16 22 86 72 78 68 32 21 77 100 92 44 54 89 47 46 57 91 49 54 
20 57 80 55 10 33 19 98 37 16 36 52 89 73 76 0 66 93 7 86 69 6 77 12 11 17 10 56 74 100 56 79 19 12 59 25 21 91 95 71 27 10 58 30 50 83 5 15 75 63 
52 43 20 80 6 31 97 15 38 70 67 94 48 37 5 58 0 62 78 48 56 100 26 18 9 8 67 91 64 34 65 27 85 59 46 65 64 28 61 31 66 82 97 59 81 33 63 39 46 92 
38 2 91 64 71 100 23 37 42 86 70 7 12 7 17 10 71 0 81 37 83 63 2 64 59 60 44 43 75 34 89 66 72 42 9 35 12 60 9 100 1 94 22 7 58 28 76 67 50 56 
55 32 70 57 47 28 68 42 22 42 76 10 60 47 51 68 33 14 0 27 41 66 27 86 87 86 43 66 61 61 67 68 16 98 89 72 96 16 91 37 37 85 64 99 44 10 1 63 94 15 
41 86 32 67 72 18 4 14 35 16 75 1 35 90 50 23 13 45 90 0 55 33 79 39 97 77 82 6 29 96 52 95 36 37 26 55 8 95 58 22 29 26 48 81 12 89 30 87 53 26 
76 7 59 6 46 55 34 79 12 63 75 63 57 10 100 83 64 59 77 74 0 80 58 51 79 38 62 67 20 48 19 45 76 26 3 33 23 9 67 53 21 29 27 35 37 89 86 19 4 45 
48 29 24 57 79 55 46 93 21 65 92 92 10 67 17 64 52 91 73 18 43 0 45 98 22 79 34 10 65 5 13 9 52 42 84 60 72 38 5 64 11 70 56 2 31 74 70 94 25 60 
18 42 2 62 91 23 41 25 84 57 29 49 65 32 90 100 91 13 38 95 77 100 0 16 84 1 46 9 70 92 86 29 9 27 82 71 70 57 63 94 40 19 22 88 35 53 29 34 43 94 
23 89 70 22 5 5 22 2 13 91 93 98 71 2 77 53 24 46 61 86 91 100 4 0 12 40 38 16 68 23 58 61 46 98 82 67 54 38 89 56 3 31 48 52 2 1 80 6 24 77 
66 61 67 17 16 30 56 5 45 76 28 54 88 73 52 22 39 57 59 79 12 13 10 12 0 65 11 64 96 16 88 73 33 100 91 49 16 21 5 20 17 32 47 71 19 71 74 40 10 82 
51 40 94 63 49 57 79 59 20 75 26 59 99 10 59 89 59 74 61 15 45 30 46 44 52 0 64 14 77 4 75 58 6 15 3 68 63 59 47 74 79 21 51 37 71 61 95 11 71 20 
72 85 65 53 30 8 4 45 73 80 100 48 37 5 14 40 73 28 50 71 1 28 43 4 17 13 0 64 11 23 34 83 46 70 99 98 99 6 1 43 30 32 95 29 21 99 42 12 71 70 
61 93 22 89 35 25 5 47 40 67 70 25 1 15 94 99 65 44 56 17 39 86 49 33 14 69 31 0 8 80 54 77 92 46 50 32 33 27 88 79 66 55 100 43 7 67 36 6 31 32 
61 47 70 46 95 2 12 15 84 19 46 89 47 38 87 96 69 19 22 9 97 40 15 49 82 21 15 69 0 26 45 100 87 43 69 84 90 22 95 4 58 65 2 46 11 39 32 59 59 50 
32 67 99 71 81 47 4 2 13 73 79 9 72 65 51 93 1 40 66 47 96 23 12 97 69 74 87 52 32 0 97 54 16 16 4 86 48 2 42 1 14 66 80 22 89 96 72 81 96 64 
47 43 11 21 6 59 41 79 97 93 63 93 98 78 60 1 15 8 2 56 8 15 21 87 36 10 35 59 42 30 0 74 40 24 84 61 29 94 1 8 90 45 70 35 42 47 94 94 13 1 
95 69 61 61 41 47 96 50 81 7 44 63 80 83 86 16 95 67 61 48 26 51 92 95 85 86 93 30 79 5 31 0 26 25 91 86 66 89 34 67 22 40 10 84 71 45 21 38 39 39 
99 38 64 1 30 10 85 67 2 14 97 59 96 22 35 38 60 100 27 93 19 100 84 80 35 6 24 55 44 15 46 94 0 52 9 94 33 19 30 51 72 95 48 82 91 21 17 80 80 68 
6 72 86 57 55 18 91 61 41 98 56 7 43 1 59 51 94 43 21 75 94 93 69 41 74 11 61 90 91 41 58 48 64 0 95 5 71 12 47 83 5 44 38 63 86 38 21 89 83 16 
9 57 9 1 77 1 27 88 13 16 30 5 25 77 69 72 33 39 35 80 21 39 23 10 2 61 99 74 1 81 41 9 89 49 0 62 65 1 88 52 14 55 33 18 80 10 38 3 94 76 
37 25 48 28 48 57 81 60 55 6 60 87 47 20 75 47 81 92 48 20 43 61 75 28 30 6 89 68 8 82 95 96 7 43 23 0 6 51 55 17 58 61 28 96 59 47 71 5 80 62 
4 99 56 16 73 83 46 30 23 65 37 5 59 85 63 53 59 20 56 14 36 13 26 63 8 36 9 30 92 88 43 96 39 99 63 11 0 33 60 93 56 24 81 12 35 65 26 87 24 45 
42 89 80 6 14 42 66 1 2 95 92 42 38 87 80 88 50 42 72 61 34 79 85 15 90 19 79 15 57 54 11 51 42 90 56 7 83 0 21 7 85 68 99 26 57 37 57 44 38 98 
67 99 32 46 35 46 87 5 76 54 61 30 64 63 23 54 19 82 88 91 88 72 10 38 49 66 75 57 9 64 55 76 62 38 73 48 35 59 0 52 10 12 65 91 28 27 66 81 97 47 
68 40 34 92 49 24 92 15 50 49 75 13 55 2 27 92 74 74 26 33 78 87 96 42 30 23 20 95 55 17 41 75 56 26 66 4 1 9 70 0 50 57 45 15 11 46 41 54 20 66 
79 4 43 18 99 36 47 74 56 93 28 24 33 2 79 10 67 34 11 28 56 12 36 100 26 47 97 18 52 68 84 83 71 78 100 22 14 98 95 21 0 90 22 44 74 24 74 35 42 7 
45 21 14 9 57 13 34 55 62 52 6 29 87 88 52 64 87 25 29 84 19 49 25 92 44 98 67 17 33 61 76 29 81 89 37 37 54 23 91 15 26 0 97 95 12 84 98 27 23 22 
56 58 40 56 83 32 52 80 50 68 64 10 95 93 91 84 81 79 89 3 70 3 28 18 49 91 53 47 18 27 68 25 85 60 32 67 43 83 98 92 3 14 0 2 97 6 44 32 86 22 
20 41 43 22 20 60 23 11 65 69 28 91 88 4 75 47 35 93 89 18 43 81 72 56 34 68 13 29 100 50 50 19 90 45 93 10 4 15 72 20 35 99 11 0 22 2 37 69 88 30 
9 57 24 41 28 31 74 96 43 2 47 92 4 17 34 48 9 43 3 75 66 23 61 64 33 35 17 21 55 56 2 63 13 25 4 40 55 29 87 97 83 85 41 38 0 2 74 85 62 68 
39 89 33 61 49 48 45 83 16 18 89 71 19 52 35 44 7 75 50 35 13 99 69 50 39 6 51 12 42 64 31 81 52 63 93 53 10 90 87 77 7 76 47 25 79 0 82 20 85 8 
70 71 72 68 40 21 58 97 23 21 39 87 51 71 90 65 63 42 26 4 81 2 10 56 100 35 86 33 54 70 92 75 92 64 94 31 36 51 80 59 71 70 97 73 40 86 0 37 54 80 
62 58 12 63 19 67 15 53 4 47 59 73 39 33 64 2 27 47 89 29 78 99 52 47 47 24 38 85 13 43 64 74 100 75 89 19 93 3 23 96 49 81 20 39 66 35 92 0 44 81 
81 72 58 31 23 56 78 99 93 62 11 36 25 36 87 51 24 57 95 78 80 42 79 12 61 17 29 47 9 72 28 41 44 37 71 18 45 48 16 37 9 26 24 85 62 63 87 37 0 19 
81 67 50 74 45 14 86 61 42 33 21 14 12 61 9 48 32 26 92 79 42 81 40 19 56 24 32 18 11 69 89 43 35 90 17 31 3 2 43 97 86 64 10 97 24 70 97 7 95 0 
