100
0 86 49 89 34 34 22 61 69 76 33 88 44 48 53 53 81 69 31 83 1 74 34 5 4 33 75 58 38 19 65 10 56 66 50 89 99 71 2 20 98 34 7 93 33 11 45 65 80 28 48 80 1 33 36 4 65 63 14 55 81 78 64 88 43 13 28 94 35 29 13 85 14 71 77 99 33 74 63 12 1 62 43 1 95 79 56 11 41 69 65 73 99 80 60 93 44 87 86 79 
68 0 50 63 33 72 91 31 5 64 46 68 64 7 63 16 53 41 72 16 33 92 80 5 90 12 16 83 55 54 20 85 21 22 99 54 45 90 36 1 5 81 69 69 40 83 36 92 23 59 59 7 51 91 11 92 2 78 26 56 31 98 41 4 71 39 9 15 80 44 68 85 77 88 5 68 70 40 11 92 99 70 98 1 60 60 92 61 89 18 68 19 67 60 74 37 51 82 51 30 
78 18 0 14 6 5 70 73 26 10 83 17 60 52 66 60 63 77 51 23 65 20 43 36 86 2 61 74 52 43 25 34 72 94 99 29 51 69 1 76 30 35 45 89 87 62 48 49 91 50 24 7 70 18 42 7 19 55 81 23 49 57 8 20 2 6 48 4 26 100 32 55 34 28 43 72 89 42 73 79 92 96 86 13 65 79 71 83 33 3 57 81 59 64 52 13 22 51 16 99 
50 99 54 0 36 26 48 7 15 90 79 45 33 26 82 45 42 13 15 25 45 70 33 78 80 49 81 92 22 32 60 20 33 58 73 20 84 73 27 50 62 57 46 94 35 28 90 76 40 56 52 36 25 37 65 5 85 46 48 6 29 7 77 61 17 2 81 52 74 59 1 87 67 98 80 53 77 21 29 16 76 32 4 53 68 68 57 4 65 4 61 93 63 38 6 79 39 38 30 12 
48 82 98 14 0 31 29 67 8 1 47 23 76 78 78 80 98 46 36 1 62 92 14 55 6 51 12 84 41 49 65 4 96 98 1 61 28 81 79 35 81 25 10 8 55 87 40 52 84 75 4 46 18 17 100 23 19 63 58 59 11 22 62 58 19 14 70 47 46 49 81 26 73 90 86 79 29 25 30 12 51 86 57 21 54 8 95 73 70 53 31 32 26 45 41 45 58 11 43 56 
59 75 33 83 17 0 18 62 45 94 43 8 97 28 65 17 82 24 63 6 94 15 88 77 41 32 18 37 42 28 31 97 38 5 29 20 73 99 81 69 44 76 77 40 55 41 8 88 64 71 93 9 37 81 86 29 64 3 65 57 82 95 5 19 52 86 90 76 84 71 45 79 98 21 19 52 61 78 92 76 100 84 85 37 16 22 65 32 76 82 88 57 28 93 27 79 78 16 55 13 
38 51 43 35 71 13 0 39 83 91 30 58 90 65 94 78 81 15 43 64 90 24 51 98 51 95 24 82 24 40 88 88 77 38 31 64 8 43 2 90 85 31 99 75 95 93 52 27 59 46 90 1 21 93 98 72 39 74 5 63 13 92 50 41 29 32 4 88 75 57 29 59 39 27 85 34 19 89 12 78 86 54 78 7 46 27 78 84 100 34 98 64 25 100 5 5 31 60 92 57 
17 72 68 55 98 4 40 0 69 92 4 46 78 57 75 36 54 53 65 89 53 98 87 16 22 86 72 78 68 32 21 77 100 92 44 54 89 47 46 57 91 49 54 20 57 80 55 10 33 19 98 37 16 36 52 89 73 76 66 93 7 86 69 6 77 12 11 17 10 56 74 100 56 79 19 12 59 25 21 91 95 71 27 10 58 30 50 83 5 15 75 63 52 43 20 80 6 31 97 15 
38 70 67 94 48 37 5 58 0 62 78 48 56 100 26 18 9 8 67 91 64 34 65 27 85 59 46 65 64 28 61 31 66 82 97 59 81 33 63 39 46 92 38 2 91 64 71 100 23 37 42 86 70 7 12 7 17 10 71 81 37 83 63 2 64 59 60 44 43 75 34 89 66 72 42 9 35 12 60 9 100 1 94 22 7 58 28 76 67 50 56 55 32 70 57 47 28 68 42 22 
42 76 10 60 47 51 68 33 14 0 27 41 66 27 86 87 86 43 66 61 61 67 68 16 98 89 72 96 16 91 37 37 85 64 99 44 10 1 63 94 15 41 86 32 67 72 18 4 14 35 16 75 1 35 90 50 23 13 45 90 55 33 79 39 97 77 82 6 29 96 52 95 36 37 26 55 8 95 58 22 29 26 48 81 12 89 30 87 53 26 76 7 59 6 46 55 34 79 12 63 
75 63 57 10 100 83 64 59 77 74 0 80 58 51 79 38 62 67 20 48 19 45 76 26 3 33 23 9 67 53 21 29 27 35 37 89 86 19 4 45 48 29 24 57 79 55 46 93 21 65 92 92 10 67 17 64 52 91 73 18 43 45 98 22 79 34 10 65 5 13 9 52 42 84 60 72 38 5 64 11 70 56 2 31 74 70 94 25 60 18 42 2 62 91 23 41 25 84 57 29 
49 65 32 90 100 91 13 38 95 77 100 0 16 84 1 46 9 70 92 86 29 9 27 82 71 70 57 63 94 40 19 22 88 35 53 29 34 43 94 23 89 70 22 5 5 22 2 13 91 93 98 71 2 77 53 24 46 61 86 91 100 4 12 40 38 16 68 23 58 61 46 98 82 67 54 38 89 56 3 31 48 52 2 1 80 6 24 77 66 61 67 17 16 30 56 5 45 76 28 54 
88 73 52 22 39 57 59 79 12 13 10 12 0 65 11 64 96 16 88 73 33 100 91 49 16 21 5 20 17 32 47 71 19 71 74 40 10 82 51 40 94 63 49 57 79 59 20 75 26 59 99 10 59 89 59 74 61 15 45 30 46 44 52 64 14 77 4 75 58 6 15 3 68 63 59 47 74 79 21 51 37 71 61 95 11 71 20 72 85 65 53 30 8 4 45 73 80 100 48 37 
5 14 40 73 28 50 71 1 28 43 4 17 13 0 64 11 23 34 83 46 70 99 98 99 6 1 43 30 32 95 29 21 99 42 12 71 70 61 93 22 89 35 25 5 47 40 67 70 25 1 15 94 99 65 44 56 17 39 86 49 33 14 69 31 8 80 54 77 92 46 50 32 33 27 88 79 66 55 100 43 7 67 36 6 31 32 61 47 70 46 95 2 12 15 84 19 46 89 47 38 
87 96 69 19 22 9 97 40 15 49 82 21 15 69 0 26 45 100 87 43 69 84 90 22 95 4 58 65 2 46 11 39 32 59 59 50 32 67 99 71 81 47 4 2 13 73 79 9 72 65 51 93 1 40 66 47 96 23 12 97 69 74 87 52 32 97 54 16 16 4 86 48 2 42 1 14 66 80 22 89 96 72 81 96 64 47 43 11 21 6 59 41 79 97 93 63 93 98 78 60 
1 15 8 2 56 8 15 21 87 36 10 35 59 42 30 0 74 40 24 84 61 29 94 1 8 90 45 70 35 42 47 94 94 13 1 95 69 61 61 41 47 96 50 81 7 44 63 80 83 86 16 95 67 61 48 26 51 92 95 85 86 93 30 79 5 31 26 25 91 86 66 89 34 67 22 40 10 84 71 45 21 38 39 39 99 38 64 1 30 10 85 67 2 14 97 59 96 22 35 38 
60 100 27 93 19 100 84 80 35 6 24 55 44 15 46 94 0 52 9 94 33 19 30 51 72 95 48 82 91 21 17 80 80 68 6 72 86 57 55 18 91 61 41 98 56 7 43 1 59 51 94 43 21 75 94 93 69 41 74 11 61 90 91 41 58 48 64 95 5 71 12 47 83 5 44 38 63 86 38 21 89 83 16 9 57 9 1 77 1 27 88 13 16 30 5 25 77 69 72 33 
39 35 80 21 39 23 10 2 61 99 74 1 81 41 9 89 49 0 62 65 1 88 52 14 55 33 18 80 10 38 3 94 76 37 25 48 28 48 57 81 60 55 6 60 87 47 20 75 47 81 92 48 20 43 61 75 28 30 6 89 68 8 82 95 96 7 43 23 6 51 55 17 58 61 28 96 59 47 71 5 80 62 4 99 56 16 73 83 46 30 23 65 37 5 59 85 63 53 59 20 
56 14 36 13 26 63 8 36 9 30 92 88 43 96 39 99 63 11 0 33 60 93 56 24 81 12 35 65 26 87 24 45 42 89 80 6 14 42 66 1 2 95 92 42 38 87 80 88 50 42 72 61 34 79 85 15 90 19 79 15 57 54 11 51 42 90 56 7 83 21 7 85 68 99 26 57 37 57 44 38 98 67 99 32 46 35 46 87 5 76 54 61 30 64 63 23 54 19 82 88 
91 88 72 10 38 49 66 75 57 9 64 55 76 62 38 73 48 35 59 0 52 10 12 65 91 28 27 66 81 97 47 68 40 34 92 49 24 92 15 50 49 75 13 55 2 27 92 74 74 26 33 78 87 96 42 30 23 20 95 55 17 41 75 56 26 66 4 1 9 70 50 57 45 15 11 46 41 54 20 66 79 4 43 18 99 36 47 74 56 93 28 24 33 2 79 10 67 34 11 28 
56 12 36 100 26 47 97 18 52 68 84 83 71 78 100 22 14 98 95 21 0 90 22 44 74 24 74 35 42 7 45 21 14 9 57 13 34 55 62 52 6 29 87 88 52 64 87 25 29 84 19 49 25 92 44 98 67 17 33 61 76 29 81 89 37 37 54 23 91 15 26 97 95 12 84 98 27 23 22 56 58 40 56 83 32 52 80 50 68 64 10 95 93 91 84 81 79 89 3 70 
3 28 18 49 91 53 47 18 27 68 25 85 60 32 67 43 83 98 92 3 14 0 2 97 6 44 32 86 22 20 41 43 22 20 60 23 11 65 69 28 91 88 4 75 47 35 93 89 18 43 81 72 56 34 68 13 29 100 50 50 19 90 45 93 10 4 15 72 20 35 99 11 22 2 37 69 88 30 9 57 24 41 28 31 74 96 43 2 47 92 4 17 34 48 9 43 3 75 66 23 
61 64 33 35 17 21 55 56 2 63 13 25 4 40 55 29 87 97 83 85 41 38 0 2 74 85 62 68 39 89 33 61 49 48 45 83 16 18 89 71 19 52 35 44 7 75 50 35 13 99 69 50 39 6 51 12 42 64 31 81 52 63 93 53 10 90 87 77 7 76 47 25 79 82 20 85 8 70 71 72 68 40 21 58 97 23 21 39 87 51 71 90 65 63 42 26 4 81 2 10 
56 100 35 86 33 54 70 92 75 92 64 94 31 36 51 80 59 71 70 97 73 40 86 0 37 54 80 62 58 12 63 19 67 15 53 4 47 59 73 39 33 64 2 27 47 89 29 78 99 52 47 47 24 38 85 13 43 64 74 100 75 89 19 93 3 23 96 49 81 20 39 66 35 92 44 81 81 72 58 31 23 56 78 99 93 62 11 36 25 36 87 51 24 57 95 78 80 42 79 12 
61 17 29 47 9 72 28 41 44 37 71 18 45 48 16 37 9 26 24 85 62 63 87 37 0 19 81 67 50 74 45 14 86 61 42 33 21 14 12 61 9 48 32 26 92 79 42 81 40 19 56 24 32 18 11 69 89 43 35 90 17 31 3 2 43 97 86 64 10 97 24 70 97 7 95 40 86 88 20 25 59 28 100 90 45 10 10 85 5 96 75 21 26 77 74 69 73 60 84 34 
8 7 55 4 66 2 44 51 89 15 27 47 42 26 89 39 88 98 23 92 94 97 64 71 26 0 89 39 50 48 22 36 8 81 90 11 46 91 6 48 32 21 26 30 14 3 18 52 90 68 27 33 61 75 96 31 52 85 22 54 84 95 89 91 27 30 2 24 73 7 71 4 79 48 85 93 51 3 96 40 70 74 25 82 49 20 64 52 56 85 5 40 32 93 82 58 75 35 82 99 
94 4 54 72 52 38 16 54 92 64 45 13 37 69 94 37 41 10 89 96 46 93 87 77 38 69 0 35 12 3 68 10 96 23 63 20 26 52 35 79 44 98 24 8 87 44 2 23 84 63 11 32 8 4 18 85 93 38 71 56 93 90 17 40 12 31 59 38 82 46 68 77 95 43 85 81 87 38 56 22 100 66 5 7 21 23 43 65 12 65 20 4 54 36 44 66 66 54 55 100 
99 22 76 46 65 12 78 3 49 33 24 48 99 29 7 71 3 1 36 66 66 7 70 19 43 65 36 0 60 18 42 11 69 64 39 14 80 50 91 82 51 24 57 50 74 37 56 96 91 9 83 57 74 90 78 44 84 94 32 95 11 73 6 79 88 44 44 67 45 87 100 95 10 9 45 35 97 52 30 88 60 65 96 85 54 25 81 37 18 12 83 28 36 88 59 24 83 54 42 80 
40 94 26 1 2 70 35 98 74 17 37 33 81 84 70 86 8 50 74 25 13 56 5 100 96 15 75 30 0 20 69 9 60 62 35 60 63 56 47 12 29 15 1 14 47 84 35 32 92 36 5 68 48 12 24 99 7 90 26 89 10 94 49 21 55 83 32 69 91 78 32 19 44 32 84 90 68 18 73 11 53 29 30 52 41 54 51 99 95 28 87 4 21 88 24 27 70 56 47 12 
85 78 31 81 62 66 70 29 84 43 91 36 71 20 40 63 73 42 14 68 69 52 23 89 39 99 67 61 54 0 13 72 90 42 54 70 3 20 92 83 55 86 73 42 8 93 81 23 17 22 36 36 42 87 59 82 78 57 48 38 62 12 9 3 54 15 25 8 86 16 43 40 1 15 81 60 59 14 82 28 35 17 63 29 56 73 10 33 29 58 70 42 69 30 45 74 44 69 82 81 
36 76 20 88 90 1 47 1 66 29 28 52 97 42 80 52 15 90 36 95 99 5 37 19 87 33 93 82 53 26 0 63 88 1 82 75 42 34 73 94 51 53 21 3 50 15 82 53 29 23 89 75 21 45 11 40 31 95 84 65 47 61 27 86 61 60 12 54 46 85 48 96 89 20 98 38 34 32 91 14 54 31 89 75 75 51 66 58 46 1 22 44 61 100 82 73 11 93 78 56 
29 25 4 18 97 53 7 30 84 49 96 90 79 84 16 54 86 81 11 31 33 84 27 93 83 8 17 93 52 94 1 0 33 19 4 2 67 8 8 96 44 57 43 33 35 78 48 40 64 80 50 46 64 33 72 56 67 31 72 60 35 65 60 67 35 15 20 1 22 27 49 65 83 91 49 70 69 48 9 32 79 11 77 42 95 1 49 62 83 20 21 17 37 32 35 23 46 54 24 19 
33 24 36 15 66 84 36 86 84 45 17 62 7 46 56 1 98 4 62 80 76 34 49 12 65 35 86 62 41 9 33 73 0 84 68 39 50 3 75 35 86 71 4 100 77 1 55 77 98 58 91 29 85 24 29 96 41 64 82 54 4 42 86 28 26 53 66 27 56 40 61 93 10 16 92 38 16 98 15 65 8 5 94 92 80 74 88 72 89 21 26 44 14 11 71 91 64 37 17 71 
28 30 15 38 45 7 75 61 56 41 77 63 97 22 55 77 96 94 48 84 66 25 28 79 36 50 22 51 86 38 73 14 19 0 87 3 64 45 77 76 1 70 4 63 66 26 69 94 21 62 94 56 27 18 35 58 5 85 79 55 70 68 79 35 87 66 37 2 62 66 29 62 35 32 77 52 57 97 98 29 59 91 85 37 60 71 94 65 55 24 71 77 92 50 11 30 15 100 83 28 
65 63 90 51 94 18 54 3 14 51 83 24 93 19 13 53 90 6 69 44 82 39 20 25 88 83 54 54 82 88 82 46 50 23 0 48 43 92 1 97 57 52 32 81 44 50 93 48 39 50 16 35 31 55 6 55 94 88 60 48 69 47 81 66 96 3 13 91 46 66 39 2 17 70 82 12 20 26 60 10 76 75 44 58 81 2 65 75 89 76 74 10 23 54 75 70 8 40 12 53 
5 51 54 21 72 88 84 43 65 43 53 92 70 48 2 50 49 66 76 38 41 49 47 15 2 73 37 61 12 48 13 16 50 19 88 0 74 58 72 16 74 66 68 66 35 16 67 37 16 84 64 5 76 13 3 91 66 76 79 27 39 78 91 55 80 61 42 53 70 65 68 44 31 36 9 17 3 75 5 70 10 69 75 85 81 77 27 98 4 5 24 43 83 67 49 14 27 42 66 97 
7 33 40 89 20 100 57 22 26 62 44 35 82 18 19 14 46 46 11 50 50 87 44 84 53 44 97 31 85 14 27 43 47 18 31 66 0 17 40 40 94 53 83 28 34 52 47 47 97 92 9 98 93 95 93 29 99 36 77 30 73 91 8 15 89 26 98 54 94 37 45 88 89 79 67 74 82 13 72 31 56 80 80 1 27 73 29 25 60 57 6 32 47 14 99 35 91 96 41 84 
84 37 23 24 16 90 97 49 54 68 79 10 99 59 62 77 83 90 54 94 46 59 78 45 72 76 79 62 23 71 98 6 8 72 81 75 61 0 77 23 67 96 54 28 46 12 89 23 46 78 76 39 75 86 16 71 58 43 50 71 65 72 68 22 79 40 54 5 52 30 28 18 77 81 45 75 44 33 49 89 62 76 79 89 61 47 59 70 89 60 41 6 32 8 79 62 99 33 67 51 
14 46 20 43 78 17 17 73 1 17 61 63 92 91 3 4 37 61 74 78 73 14 35 4 73 13 17 72 97 83 74 11 80 45 5 57 61 73 0 29 62 89 41 76 32 84 78 35 72 90 8 1 62 21 35 17 46 100 34 17 96 68 90 58 48 34 62 56 47 34 37 8 22 29 35 53 64 12 88 36 53 47 36 15 20 71 83 65 70 16 81 17 36 22 75 35 7 36 90 5 
70 78 12 43 59 46 48 22 9 87 57 62 33 45 28 4 67 10 68 88 78 100 4 13 73 78 47 32 66 88 36 87 18 48 29 76 45 76 49 0 6 62 58 19 47 2 98 50 68 59 18 55 36 69 10 100 42 88 46 73 5 86 8 91 3 7 71 30 4 99 78 61 12 35 79 58 88 76 60 55 86 29 61 22 97 71 21 90 10 19 62 14 4 22 56 58 80 78 87 35 
76 16 95 88 3 73 97 90 100 56 97 86 84 57 59 33 27 79 22 88 49 36 1 52 9 8 9 88 86 47 23 61 15 69 100 17 42 49 6 93 0 4 2 30 40 11 88 24 89 19 97 77 67 32 77 71 92 37 31 80 22 78 54 34 44 22 86 60 15 34 17 60 89 71 41 80 81 29 3 69 99 100 45 17 83 74 87 75 10 18 6 83 47 11 16 90 32 1 1 99 
86 17 10 75 87 50 54 19 30 57 88 80 8 84 97 90 57 83 64 18 52 69 100 50 79 68 39 63 20 39 13 6 8 74 80 94 23 33 13 5 41 0 52 84 48 35 32 38 44 67 53 61 18 22 13 68 52 32 58 66 51 49 78 56 56 51 35 1 26 20 65 30 60 68 65 60 3 97 49 98 63 1 10 32 74 22 51 26 53 9 91 4 57 21 11 64 23 98 16 48 
17 81 29 28 48 46 39 2 42 87 99 56 40 9 39 13 82 90 90 87 98 81 42 6 53 52 21 75 1 36 75 69 68 3 97 16 48 87 69 41 74 20 0 48 65 80 87 77 13 28 67 99 25 99 40 82 51 44 54 77 44 89 51 13 57 54 61 24 53 47 44 46 72 63 93 36 94 31 65 7 58 31 5 34 81 97 67 83 40 20 59 35 9 10 47 17 15 59 92 19 
58 35 64 81 50 9 69 43 39 33 1 49 15 6 82 95 54 49 77 45 20 35 79 80 96 78 96 62 88 39 81 45 74 96 78 75 56 46 69 47 78 70 95 0 92 27 76 86 80 76 14 24 96 48 54 75 96 83 23 57 23 61 89 67 86 37 44 60 92 41 29 38 18 98 32 61 24 60 98 55 87 11 30 34 11 35 61 58 18 83 66 40 95 55 58 81 43 54 92 86 
94 72 24 64 21 7 24 96 18 74 50 57 36 31 90 46 66 50 3 35 84 21 74 79 75 83 11 69 88 54 54 82 26 29 97 98 88 72 94 5 45 95 61 81 0 26 3 78 91 4 33 25 88 53 50 18 79 84 80 47 72 33 52 5 10 81 1 8 68 72 1 24 69 47 37 1 72 39 78 14 42 10 90 81 14 39 50 92 75 29 90 46 14 42 50 23 22 2 82 89 
25 34 64 93 81 100 93 4 90 23 18 84 32 7 64 98 98 66 89 72 94 79 69 59 20 70 82 93 71 15 33 95 49 96 88 29 96 32 32 85 54 1 68 38 60 0 84 35 9 49 75 32 94 53 100 53 24 69 86 16 91 100 48 85 100 96 24 28 91 56 12 27 61 64 47 98 23 30 84 83 30 59 14 75 63 13 79 87 33 16 54 23 16 54 60 67 49 83 47 91 
90 58 17 51 73 15 100 48 96 84 30 77 42 44 52 56 8 30 42 93 46 96 67 13 1 26 79 49 61 25 39 2 34 7 52 7 74 4 6 69 87 35 46 80 78 97 0 35 38 78 29 30 75 76 96 87 76 74 18 76 86 94 66 87 28 72 91 86 45 94 91 66 32 77 11 63 7 59 97 44 36 77 73 11 52 20 49 79 45 66 54 30 12 19 17 39 43 7 76 39 
100 18 4 83 94 14 45 100 72 93 43 60 70 67 22 73 39 70 52 83 88 57 13 99 28 81 89 70 87 16 8 38 33 64 20 78 77 16 78 1 8 72 12 77 91 33 2 0 81 54 5 15 93 61 27 91 40 59 31 9 45 46 69 34 30 32 5 8 60 20 37 12 28 60 23 56 2 55 57 82 61 13 97 53 26 75 96 65 34 26 74 30 24 94 64 5 25 68 12 36 
88 100 48 67 60 70 22 61 77 31 95 37 43 43 89 68 17 36 33 2 62 58 32 37 51 95 41 27 14 5 62 53 4 9 19 15 79 41 28 7 23 22 43 65 64 83 85 32 0 19 69 34 32 26 65 68 28 11 60 54 24 64 15 29 20 76 47 86 6 39 13 12 61 86 6 78 1 88 14 33 6 82 66 89 59 82 8 86 92 68 91 67 83 57 95 54 32 94 40 89 
84 52 100 97 90 5 26 90 45 39 22 50 72 39 91 30 72 98 67 63 65 9 82 100 65 28 53 49 73 92 37 57 96 37 53 85 93 78 74 37 68 48 39 39 38 29 20 10 26 0 38 24 43 46 57 94 10 85 46 10 9 90 47 65 85 35 69 21 27 46 46 64 13 45 54 3 83 82 22 44 59 11 67 53 56 24 46 18 60 44 27 20 33 25 85 69 59 53 41 86 
51 86 1 15 83 6 18 65 39 91 60 97 2 78 2 9 53 47 26 12 42 5 84 74 29 68 94 40 72 34 77 22 72 29 89 54 34 6 70 72 48 29 20 49 58 21 58 11 20 35 0 74 61 91 57 87 72 24 32 11 48 66 87 21 89 15 9 42 48 14 63 71 62 43 90 62 100 11 71 10 82 58 84 42 48 40 80 19 16 12 81 15 29 67 35 17 33 44 10 32 
9 24 2 22 66 92 36 65 54 6 27 35 63 62 28 63 1 60 33 68 71 14 82 51 80 17 19 13 12 28 96 20 51 98 94 68 41 29 84 94 86 10 80 1 71 59 63 24 18 95 43 0 40 60 77 90 92 45 8 56 56 87 51 27 89 48 72 56 88 100 40 33 86 1 12 38 24 71 100 47 40 46 41 80 6 17 21 97 61 29 52 16 67 2 95 56 2 66 63 89 
66 54 22 3 55 85 40 78 7 91 76 47 88 16 26 45 33 98 41 45 78 44 13 45 98 7 52 51 72 66 39 89 20 12 43 26 49 34 55 55 24 30 1 64 97 78 8 81 76 1 26 5 0 44 38 49 93 96 52 43 19 18 34 8 37 97 2 14 45 36 68 100 11 49 52 74 45 30 82 78 57 82 55 13 77 44 62 22 39 65 64 57 82 49 16 70 46 70 83 90 
5 2 89 67 50 41 93 47 22 26 24 30 59 78 42 35 73 55 56 11 20 72 19 53 20 87 23 65 56 57 55 12 59 95 78 8 87 22 54 60 47 29 89 5 58 83 92 30 37 99 92 8 70 0 11 13 42 97 87 6 4 43 12 15 53 59 44 13 45 66 18 5 64 47 45 69 4 79 12 86 68 10 77 75 80 39 87 73 87 73 78 90 68 42 4 20 100 100 84 96 
17 2 52 80 100 49 100 55 27 11 40 94 21 17 21 52 55 59 24 42 84 53 83 3 46 39 74 97 38 58 93 6 59 96 85 58 44 85 12 23 47 4 16 19 72 88 70 26 99 45 19 82 98 54 0 84 43 92 57 40 81 66 84 86 76 79 70 85 75 6 49 97 5 52 64 23 23 4 93 100 2 37 71 35 86 24 70 81 15 78 20 47 44 55 32 19 85 53 4 59 
11 52 7 15 3 23 89 77 78 33 76 31 22 46 65 7 21 34 87 87 11 58 33 6 12 16 25 49 69 80 7 31 31 66 97 85 40 85 13 69 18 88 99 91 86 63 97 6 48 36 93 10 45 77 16 0 9 93 40 57 61 19 15 91 1 80 39 37 71 23 49 39 92 88 89 82 73 3 31 31 50 18 75 60 62 51 75 70 43 66 26 55 36 41 97 88 72 35 24 95 
58 24 85 1 11 74 83 36 76 65 66 26 82 40 37 43 90 63 65 85 80 90 39 15 82 36 2 54 70 77 48 79 100 84 80 62 57 14 97 33 78 62 10 59 1 98 53 43 12 17 27 91 7 17 5 88 0 52 58 93 74 34 92 4 85 76 83 46 32 96 43 16 25 56 77 83 57 26 36 51 37 4 29 27 10 45 83 50 49 40 94 74 25 86 77 9 61 12 7 44 
59 49 12 84 4 40 18 12 66 53 14 54 57 94 81 18 39 15 19 39 55 13 12 31 98 40 92 10 51 98 5 10 98 16 45 53 8 62 17 25 67 82 78 75 76 10 92 66 25 63 4 31 75 67 61 24 58 0 52 33 9 1 37 70 50 5 14 55 64 27 71 88 93 4 65 67 79 75 11 44 99 73 99 29 47 17 41 70 75 45 54 35 97 42 56 47 98 69 1 61 
95 23 48 40 26 13 6 57 39 16 100 89 88 51 69 86 67 9 7 93 5 12 27 2 54 82 100 3 2 52 64 49 74 11 88 51 75 93 7 65 61 59 53 100 61 21 38 27 30 44 72 86 56 50 87 61 84 86 0 63 85 37 78 85 62 41 24 65 67 69 23 32 29 81 84 28 93 5 65 72 86 61 43 71 68 92 10 80 75 47 94 12 84 72 48 97 64 72 13 30 
40 36 61 20 68 97 99 61 1 16 32 38 76 26 60 95 17 21 74 44 68 19 7 3 90 6 99 53 29 12 35 68 47 95 39 66 91 38 26 43 53 9 32 80 34 44 26 3 64 99 46 31 69 4 33 59 9 84 63 0 38 95 97 57 93 44 48 10 86 85 36 29 89 96 12 20 30 55 45 32 19 95 29 1 63 84 86 73 44 69 88 33 15 84 42 59 79 89 68 65 
25 55 45 65 51 56 84 32 11 80 15 81 26 95 33 40 78 18 13 73 86 100 6 100 35 99 58 14 87 78 30 63 32 74 27 82 29 62 65 91 41 79 23 66 73 56 57 2 73 69 75 11 20 32 62 7 30 72 72 16 0 49 1 78 80 74 4 14 54 65 78 45 57 9 67 74 33 74 30 35 47 51 9 9 70 40 70 76 69 41 47 36 89 47 65 21 72 20 86 26 
36 15 22 92 23 40 17 56 14 46 42 60 96 50 68 18 41 89 93 61 30 92 96 70 90 60 42 14 79 27 39 66 42 12 57 16 51 73 23 64 70 64 75 18 65 94 35 5 83 79 65 64 22 12 85 12 23 27 25 53 53 0 15 18 46 78 74 14 28 98 88 44 20 52 18 37 68 64 23 73 98 53 89 61 75 53 45 38 75 23 14 28 28 28 45 25 5 71 38 84 
20 26 27 39 29 97 27 96 12 49 20 9 54 9 21 28 13 65 65 87 40 78 14 67 57 11 91 13 33 81 48 52 58 27 43 38 23 69 33 34 70 5 94 23 65 14 50 77 30 66 63 69 95 29 87 3 39 78 67 71 10 14 0 74 19 40 16 56 14 37 40 99 6 44 92 28 8 57 29 36 87 46 99 7 92 79 94 94 17 23 12 39 32 25 64 50 17 80 57 82 
68 96 33 73 40 76 52 99 33 32 35 19 29 85 25 20 63 70 65 31 92 76 21 23 52 84 24 20 15 80 2 82 76 34 6 67 61 57 17 93 40 51 63 68 35 40 39 49 9 3 79 1 30 99 75 34 35 51 5 49 82 58 83 0 9 43 88 75 4 45 44 96 36 94 59 4 81 98 42 29 58 97 60 58 78 58 85 11 92 35 16 93 68 73 75 77 16 62 3 19 
58 46 66 94 92 24 49 72 73 90 52 31 38 63 40 16 21 24 78 64 10 93 8 30 18 82 6 85 96 8 55 53 6 20 98 97 96 46 20 68 88 71 50 25 86 90 40 6 65 18 21 27 62 29 56 31 62 13 67 57 72 21 62 77 0 93 11 73 88 57 44 7 96 67 57 20 52 98 12 9 14 29 29 92 42 9 99 73 23 63 39 31 35 12 44 63 4 55 88 43 
63 31 49 58 97 57 29 48 6 40 56 72 20 37 63 62 45 14 86 19 76 76 50 10 39 93 73 42 99 60 84 61 90 85 70 39 93 99 86 99 38 94 70 58 30 84 71 26 97 56 45 73 83 94 34 22 38 6 15 89 17 51 49 59 35 0 71 97 79 69 34 29 6 27 98 15 56 34 85 82 30 92 26 54 27 71 88 48 60 45 62 48 14 64 49 72 50 19 20 29 
39 53 57 96 80 7 11 35 40 47 68 21 39 93 27 65 15 66 64 27 10 77 26 75 41 74 46 90 44 17 70 82 70 27 78 49 33 40 35 24 86 3 44 76 47 70 92 14 35 55 40 97 32 65 23 24 91 69 65 86 37 35 20 6 61 49 0 6 45 88 41 68 73 43 63 49 89 85 40 54 71 47 93 19 30 10 42 53 52 62 69 37 98 3 8 56 15 56 61 11 
43 1 30 68 95 93 16 36 29 7 89 51 5 34 70 34 43 63 38 46 24 7 82 73 61 42 28 76 97 41 38 40 41 68 7 88 12 74 23 40 32 63 42 37 96 63 22 38 25 60 83 100 18 17 25 78 58 4 5 6 44 43 97 37 62 3 24 0 73 28 98 64 12 60 5 48 56 68 21 93 44 80 28 96 97 96 20 27 5 23 83 10 19 77 7 55 38 61 78 10 
41 75 25 52 86 30 51 41 49 71 86 44 51 13 39 99 60 10 77 64 33 60 25 51 36 31 57 26 44 34 35 84 60 12 87 45 41 37 38 41 7 23 36 9 87 75 60 46 36 88 61 20 99 85 22 87 68 78 12 63 63 98 46 22 9 84 19 1 0 20 56 93 78 78 29 39 16 55 50 61 90 89 73 10 88 57 31 74 76 9 85 38 23 82 35 45 43 18 15 43 
89 22 36 19 51 16 9 66 70 58 78 11 46 50 20 85 6 3 58 82 63 94 71 85 28 6 81 70 23 95 64 64 16 51 82 66 66 90 83 87 99 60 98 96 9 69 81 67 71 90 100 85 84 70 70 11 75 2 80 50 97 43 13 64 46 46 82 11 87 0 64 50 37 24 47 32 84 67 64 50 90 54 49 74 89 19 95 99 45 97 30 94 93 24 58 8 69 3 89 32 
41 5 81 77 80 79 61 63 45 24 65 34 29 13 8 69 83 54 67 80 50 48 25 94 72 83 2 40 37 42 23 78 98 3 54 77 33 66 92 78 90 56 11 70 20 70 91 55 24 57 34 25 57 58 19 28 92 72 19 29 65 42 58 63 96 63 91 29 29 82 0 58 70 89 20 39 61 42 81 15 65 38 100 41 94 9 59 73 1 82 91 81 47 84 38 9 32 100 99 12 
28 33 69 49 21 88 88 33 29 20 47 45 57 98 86 2 7 96 26 59 78 69 39 24 4 28 84 35 79 34 46 59 66 14 7 39 54 46 71 82 66 70 27 74 67 64 28 25 59 53 83 36 73 73 11 77 100 94 11 31 28 9 41 45 74 47 35 27 45 58 61 0 10 79 87 35 45 2 14 70 60 67 4 48 91 77 10 67 28 4 30 10 83 90 50 79 63 49 66 42 
93 23 2 54 1 40 88 97 41 2 18 52 20 22 51 10 50 61 29 29 16 58 39 50 47 88 28 61 36 45 2 80 19 3 33 19 94 73 68 34 26 37 38 45 10 88 6 59 48 34 40 15 43 78 64 41 17 44 2 53 88 3 84 7 58 17 77 51 89 96 37 14 0 33 74 10 42 61 67 53 61 53 92 75 95 21 39 88 37 34 89 41 21 43 25 79 100 41 56 51 
81 51 39 46 35 12 55 29 72 73 81 84 25 24 59 72 44 49 59 80 82 99 21 54 41 45 33 41 37 88 43 17 90 81 62 77 44 68 5 15 40 37 51 17 60 9 88 3 9 98 34 90 96 6 43 36 50 27 28 38 66 70 6 8 2 19 84 45 86 40 12 78 76 0 62 94 87 22 33 89 30 30 74 71 77 80 65 12 81 92 40 19 57 61 76 64 15 95 99 11 
32 38 22 9 65 35 54 51 8 38 91 89 19 65 11 95 96 76 7 76 19 98 46 27 10 22 43 24 68 93 87 99 31 60 60 95 95 65 98 54 3 88 95 21 52 5 68 47 32 74 75 2 23 72 29 32 93 23 8 12 15 94 11 97 53 22 44 99 86 41 5 40 28 99 0 61 32 3 28 78 35 53 4 36 75 76 16 58 20 38 17 32 5 10 94 1 15 15 44 65 
52 84 69 92 12 19 4 43 22 83 72 8 35 28 95 61 3 63 70 74 52 87 57 56 48 50 9 14 16 4 31 20 88 51 11 51 70 66 45 43 48 68 2 82 47 48 94 49 10 15 75 14 1 31 21 1 33 29 14 100 33 96 19 72 47 81 74 16 46 70 10 93 37 11 26 0 84 58 71 84 20 86 58 33 38 41 53 38 25 34 4 24 66 99 95 89 97 75 62 12 
73 31 73 65 19 35 43 54 45 13 38 64 98 47 48 36 39 52 25 63 85 28 87 2 79 81 90 75 7 3 39 79 85 11 96 4 46 38 57 42 2 46 5 52 45 4 39 35 55 63 98 40 43 36 93 73 16 83 99 74 37 37 53 22 100 100 77 97 37 85 38 90 83 94 41 79 0 97 31 13 51 46 10 42 40 45 35 12 12 69 10 38 5 99 90 78 98 41 54 46 
77 91 83 18 73 76 11 51 24 41 15 74 86 25 68 25 21 2 88 85 70 98 22 26 96 63 4 45 3 9 90 31 51 24 48 75 99 58 77 22 51 92 47 36 16 14 13 88 67 100 72 88 97 45 14 44 59 69 40 61 29 29 43 80 52 43 54 2 52 83 75 2 74 74 38 89 39 0 2 28 6 1 52 93 50 48 58 45 7 26 85 19 7 65 62 38 17 56 43 70 
7 25 45 9 98 70 98 38 8 99 66 13 51 69 58 100 16 15 45 22 93 81 93 99 45 6 36 13 61 30 83 67 55 79 27 52 48 76 90 55 74 7 20 77 27 77 76 42 91 72 16 83 4 8 33 49 13 20 13 25 50 95 43 4 25 70 7 72 97 48 79 23 54 98 99 32 26 26 0 74 16 98 89 51 53 48 35 1 12 55 14 36 4 60 78 59 85 99 65 8 
96 13 38 18 18 35 68 50 12 93 75 80 90 15 30 43 62 16 95 25 70 60 60 25 20 89 83 56 40 100 15 87 12 53 56 81 39 23 30 51 15 4 30 57 70 11 51 31 26 45 7 48 57 18 72 28 7 7 83 98 6 49 36 69 1 91 49 92 13 31 42 79 34 23 35 56 85 85 86 0 62 82 93 9 38 10 33 65 68 91 99 17 96 99 52 64 52 94 64 43 
6 94 36 37 80 58 71 35 94 8 72 55 89 16 64 78 78 48 94 97 38 44 14 33 42 17 48 93 11 63 35 68 57 70 4 88 79 27 22 72 34 45 27 74 61 42 51 38 89 96 86 26 39 99 10 80 68 9 25 30 71 59 97 79 81 53 66 11 31 39 35 64 36 13 89 96 6 91 85 94 0 86 70 71 24 21 32 55 88 92 79 17 14 90 65 93 22 69 10 32 
99 1 18 14 36 30 54 83 35 44 67 80 29 88 2 4 8 85 11 47 76 89 15 90 30 32 34 51 100 95 35 51 47 52 64 82 34 18 16 20 13 82 100 94 70 53 49 29 38 59 76 13 100 90 54 29 21 39 32 73 34 66 23 80 69 38 14 54 7 29 74 20 63 25 65 84 77 13 12 66 72 0 39 31 23 29 84 51 1 23 34 25 8 51 99 39 72 37 52 25 
95 33 98 66 95 74 30 78 51 43 41 68 66 80 98 88 60 82 90 12 56 76 37 15 26 35 53 97 23 5 74 18 89 23 83 83 97 65 12 99 7 4 66 24 83 64 63 42 97 4 54 52 79 42 66 57 76 70 5 99 74 78 16 14 53 50 48 49 14 59 47 72 63 12 47 97 27 9 91 23 65 44 0 26 95 85 43 3 12 13 8 10 86 37 77 52 89 27 99 89 
92 10 87 64 24 51 10 20 77 71 10 100 35 5 77 81 41 20 84 53 32 43 62 69 31 91 20 72 69 19 60 60 28 47 23 51 97 85 22 73 55 32 24 41 36 1 73 77 20 8 81 3 50 94 71 81 84 91 4 52 61 63 64 88 61 38 90 57 22 11 82 28 94 57 20 82 9 93 10 80 100 90 82 0 2 83 53 34 19 95 37 22 55 51 85 94 12 23 83 68 
96 45 1 24 91 58 43 72 66 87 33 98 39 22 79 40 56 31 73 74 77 61 48 31 11 32 76 22 6 10 42 2 55 42 25 97 51 19 68 69 6 52 66 96 73 44 35 80 27 59 6 55 19 53 86 29 36 13 51 42 23 92 43 29 85 19 25 36 37 44 56 94 95 21 89 19 16 23 50 94 33 55 49 51 0 59 86 80 95 98 82 88 20 73 30 48 9 48 24 96 
36 19 51 30 13 23 70 83 39 45 33 32 77 39 80 28 50 65 59 96 63 40 83 34 64 64 34 72 63 57 68 98 76 70 79 40 93 1 75 31 45 7 62 21 97 94 100 46 58 58 41 72 97 75 6 60 38 91 84 100 99 3 50 74 72 80 66 64 80 40 46 76 98 60 49 94 53 48 92 62 6 84 34 54 59 0 91 66 48 33 49 100 31 51 49 57 74 80 22 38 
12 13 83 87 10 42 35 55 46 35 46 8 40 82 93 45 40 35 10 87 67 10 86 97 60 86 5 86 18 26 23 29 90 57 67 99 51 54 6 96 88 3 55 79 84 47 23 75 33 85 14 51 94 51 100 6 37 4 91 6 30 65 86 19 21 52 70 23 5 75 71 92 29 25 70 13 24 45 87 56 29 100 59 22 51 58 0 27 39 61 69 96 90 33 81 61 6 32 82 28 
89 8 98 80 36 75 2 48 98 46 87 5 74 38 63 47 40 20 26 30 81 94 25 22 27 57 34 84 89 15 11 77 22 61 8 58 35 9 57 84 6 95 88 31 33 3 78 24 74 55 54 6 48 30 28 26 87 13 9 27 28 72 3 1 32 62 10 18 23 19 1 28 13 88 11 97 42 40 21 16 94 74 21 93 55 100 71 0 41 13 79 67 92 2 21 44 33 35 54 2 
57 24 2 36 36 42 46 33 83 85 53 50 30 78 71 23 32 22 93 25 86 23 43 29 25 16 73 9 50 78 11 6 1 64 93 88 5 39 20 40 75 24 89 5 1 11 79 85 85 71 61 70 45 3 99 21 18 23 82 67 100 44 24 52 7 17 39 64 7 59 3 81 34 43 85 87 54 15 71 38 85 31 59 82 85 57 2 55 0 79 83 21 30 26 97 33 85 65 72 48 
71 82 50 51 15 92 88 1 97 2 23 86 39 5 45 20 90 53 73 44 84 8 16 13 85 64 46 69 28 69 16 98 50 17 1 16 61 40 17 57 41 91 95 31 96 39 2 37 91 27 32 26 34 47 39 18 63 36 87 90 56 54 88 5 71 40 72 83 79 88 91 71 31 85 2 26 75 55 14 66 81 45 91 14 43 81 32 5 68 0 70 95 23 23 34 79 45 73 51 27 
51 90 18 21 20 54 74 97 29 29 10 46 61 6 88 75 49 69 58 5 88 27 51 11 1 84 41 46 8 91 24 10 81 93 83 52 47 56 49 75 36 10 20 97 16 7 23 16 27 32 20 67 58 23 77 10 58 69 55 66 60 31 27 92 23 9 43 69 65 43 95 52 53 66 100 20 25 74 87 51 5 58 17 14 80 45 24 38 14 30 0 55 25 60 81 68 83 90 10 3 
6 5 50 9 9 15 9 80 39 82 66 42 87 23 58 52 3 55 75 92 20 5 46 44 16 26 11 50 67 72 5 72 28 54 81 36 68 41 15 59 74 80 100 12 55 57 64 57 63 38 48 82 94 93 77 62 70 87 11 37 11 67 60 38 20 92 26 40 84 40 98 58 72 97 69 26 5 32 34 68 22 33 1 15 77 78 28 46 16 39 34 0 26 5 46 16 77 37 41 16 
21 32 13 30 55 9 98 32 65 30 65 32 51 49 33 17 25 10 45 23 77 35 56 3 91 1 70 67 90 62 34 62 45 98 91 100 58 88 31 23 69 48 54 71 96 38 40 73 99 36 95 76 70 2 30 12 3 99 31 44 12 64 57 56 14 47 55 71 86 38 93 7 37 99 77 84 36 16 56 87 3 50 62 72 52 91 36 6 41 66 1 52 0 81 57 59 94 55 66 65 
40 3 9 46 91 7 75 74 95 42 82 81 45 31 94 68 34 36 3 91 76 68 91 79 1 47 37 94 1 54 10 93 56 19 90 98 25 64 72 71 58 53 3 2 35 96 21 21 31 24 11 58 43 2 36 95 100 25 89 53 78 98 45 86 16 86 35 93 2 58 15 59 62 18 12 97 13 32 17 44 7 27 1 2 80 89 96 80 65 36 32 94 86 0 28 79 1 13 66 45 
66 23 60 24 85 77 87 81 41 71 49 84 77 27 37 30 7 25 78 38 41 13 21 34 98 100 65 51 12 30 47 78 52 58 53 36 34 40 68 75 10 68 10 38 47 46 20 5 22 97 42 14 61 14 48 11 13 12 13 24 93 59 53 44 17 58 32 2 97 99 28 58 19 38 95 65 35 66 69 9 62 62 22 75 75 21 85 87 32 97 62 24 7 67 0 20 75 24 51 77 
72 1 4 29 19 93 75 35 80 41 3 88 54 16 61 28 90 82 64 76 65 12 90 89 19 56 60 93 79 10 69 2 62 25 30 33 69 56 67 48 48 22 87 2 37 48 81 79 29 97 54 45 8 43 33 26 50 92 19 28 53 39 29 15 15 10 47 84 18 65 83 65 86 70 18 75 17 51 53 97 47 58 41 54 53 26 32 2 69 50 82 74 40 62 88 0 7 24 86 42 
41 2 24 57 40 93 75 14 9 77 18 57 23 75 50 28 27 27 59 81 95 60 62 20 100 23 59 58 46 44 99 38 98 22 95 37 67 69 2 27 97 19 84 19 93 85 46 72 11 5 52 57 64 65 77 15 39 35 24 37 31 22 74 28 96 68 64 62 88 65 88 84 83 23 54 27 7 100 50 17 56 53 74 71 17 50 86 8 84 9 44 14 83 17 93 78 0 85 56 91 
24 72 78 8 6 1 61 85 59 12 34 76 67 87 1 38 55 50 75 62 85 35 57 51 17 74 43 46 10 99 36 85 22 66 92 28 18 5 12 76 68 45 51 35 83 51 24 90 52 50 3 37 84 60 87 53 85 81 98 46 79 34 30 1 51 74 80 68 78 91 43 45 35 94 31 70 96 6 11 48 55 13 36 91 24 74 43 60 54 40 5 85 25 35 37 75 8 0 16 94 
37 6 37 33 92 82 16 13 77 73 23 76 80 88 63 70 11 36 12 71 90 3 75 26 80 61 62 6 20 77 100 56 82 36 89 25 69 56 38 45 28 60 73 7 47 35 76 10 71 39 80 12 94 6 37 25 19 50 30 38 26 29 94 59 16 34 83 36 41 20 33 68 32 5 75 78 91 2 39 13 93 70 76 38 76 12 62 46 13 91 83 38 72 28 96 39 13 31 0 27 
53 2 59 73 33 63 47 63 5 100 1 18 44 71 93 33 98 57 94 43 69 37 77 59 60 57 6 50 69 36 76 74 38 34 46 22 48 44 84 53 95 85 22 39 7 14 71 4 22 17 98 43 53 26 1 64 82 6 13 51 94 89 24 83 74 21 4 22 64 88 26 58 24 47 48 30 12 19 85 34 87 34 76 91 59 28 54 41 85 18 43 78 6 18 60 32 38 16 53 0 
